 0 6 0 2 1 0 1 1 1 0 0 1 1 0 2 2 0 0 0 1 1 3 1 1 1 0 0 0 0 4 0 0 0 0 0 diaporthe-stem-canker 
 0 4 0 2 1 0 2 0 2 1 1 1 1 0 2 2 0 0 0 1 0 3 1 1 1 0 0 0 0 4 0 0 0 0 0 diaporthe-stem-canker 
 0 3 0 2 1 0 1 0 2 1 2 1 1 0 2 2 0 0 0 1 0 3 0 1 1 0 0 0 0 4 0 0 0 0 0 diaporthe-stem-canker 
 0 3 0 2 1 0 1 0 2 0 1 1 1 0 2 2 0 0 0 1 0 3 0 1 1 0 0 0 0 4 0 0 0 0 0 diaporthe-stem-canker 
 0 6 0 2 1 0 2 0 1 0 2 1 1 0 2 2 0 0 0 1 0 3 1 1 1 0 0 0 0 4 0 0 0 0 0 diaporthe-stem-canker 
 0 5 0 2 1 0 3 0 1 0 1 1 1 0 2 2 0 0 0 1 0 3 0 1 1 0 0 0 0 4 0 0 0 0 0 diaporthe-stem-canker 
 0 5 0 2 1 0 2 0 1 1 0 1 1 0 2 2 0 0 0 1 1 3 1 1 1 0 0 0 0 4 0 0 0 0 0 diaporthe-stem-canker 
 0 4 0 2 1 1 1 0 1 0 2 1 1 0 2 2 0 0 0 1 0 3 1 1 1 0 0 0 0 4 0 0 0 0 0 diaporthe-stem-canker 
 0 6 0 2 1 0 3 0 1 1 1 1 1 0 2 2 0 0 0 1 0 3 1 1 1 0 0 0 0 4 0 0 0 0 0 diaporthe-stem-canker 
 0 4 0 2 1 0 2 0 2 0 2 1 1 0 2 2 0 0 0 1 0 3 1 1 1 0 0 0 0 4 0 0 0 0 0 diaporthe-stem-canker 
 0 6 0 0 2 0 1 3 1 1 0 1 1 0 2 2 0 0 0 1 0 0 3 0 0 0 2 1 0 4 0 0 0 0 0 charcoal-rot 
 0 4 0 0 1 1 1 3 1 1 1 1 1 0 2 2 0 0 0 1 1 0 3 0 0 0 2 1 0 4 0 0 0 0 0 charcoal-rot 
 0 3 0 0 1 0 1 2 1 0 0 1 1 0 2 2 0 0 0 1 0 0 3 0 0 0 2 1 0 4 0 0 0 0 0 charcoal-rot 
 0 6 0 0 1 1 3 3 1 1 0 1 1 0 2 2 0 0 0 1 0 0 3 0 0 0 2 1 0 4 0 0 0 0 0 charcoal-rot 
 0 6 0 0 2 0 1 3 1 1 1 1 1 0 2 2 0 0 0 1 0 0 3 0 0 0 2 1 0 4 0 0 0 0 0 charcoal-rot 
 0 5 0 0 2 1 3 3 1 1 2 1 1 0 2 2 0 0 0 1 0 0 3 0 0 0 2 1 0 4 0 0 0 0 0 charcoal-rot 
 0 6 0 0 2 1 0 2 1 0 0 1 1 0 2 2 0 0 0 1 1 0 3 0 0 0 2 1 0 4 0 0 0 0 0 charcoal-rot 
 0 4 0 0 1 0 2 2 1 0 1 1 1 0 2 2 0 0 0 1 0 0 3 0 0 0 2 1 0 4 0 0 0 0 0 charcoal-rot 
 0 3 0 0 2 0 2 2 1 0 2 1 1 0 2 2 0 0 0 1 0 0 3 0 0 0 2 1 0 4 0 0 0 0 0 charcoal-rot 
 0 5 0 0 2 1 2 2 1 0 2 1 1 0 2 2 0 0 0 1 0 0 3 0 0 0 2 1 0 4 0 0 0 0 0 charcoal-rot 
 0 1 1 2 0 0 2 1 2 0 2 1 0 0 2 2 0 0 0 1 0 1 1 0 1 1 0 0 3 4 0 0 0 0 0 rhizoctonia-root-rot 
 0 1 1 2 0 0 1 1 2 0 1 1 0 0 2 2 0 0 0 1 0 1 1 0 1 0 0 0 3 4 0 0 0 0 0 rhizoctonia-root-rot 
 0 3 0 2 0 1 3 1 2 0 1 1 0 0 2 2 0 0 0 1 1 1 1 0 1 1 0 0 3 4 0 0 0 0 0 rhizoctonia-root-rot 
 0 0 1 2 0 0 0 1 1 1 2 1 0 0 2 2 0 0 0 1 0 1 1 0 1 0 0 0 3 4 0 0 0 0 0 rhizoctonia-root-rot 
 0 0 1 2 0 0 1 1 2 1 2 1 0 0 2 2 0 0 0 1 0 1 1 0 1 0 0 0 3 4 0 0 0 0 0 rhizoctonia-root-rot 
 0 1 1 2 0 0 3 1 2 0 2 1 0 0 2 2 0 0 0 1 0 1 1 0 1 0 0 0 3 4 0 0 0 0 0 rhizoctonia-root-rot 
 0 1 1 2 0 0 0 1 1 0 1 1 0 0 2 2 0 0 0 1 0 1 1 0 1 0 0 0 3 4 0 0 0 0 0 rhizoctonia-root-rot 
 0 2 1 2 0 0 2 1 1 0 1 1 0 0 2 2 0 0 0 1 0 1 1 0 1 0 0 0 3 4 0 0 0 0 0 rhizoctonia-root-rot 
 0 1 1 2 0 0 1 1 2 0 2 1 0 0 2 2 0 0 0 1 0 1 1 0 1 0 0 0 3 4 0 0 0 0 0 rhizoctonia-root-rot 
 0 2 1 2 0 0 1 1 2 0 2 1 0 0 2 2 0 0 0 1 0 1 1 0 1 0 0 0 3 4 0 0 0 0 0 rhizoctonia-root-rot 
 0 0 1 2 1 1 1 1 1 0 0 1 1 0 2 2 0 0 0 1 0 1 2 0 1 0 0 0 3 4 0 0 0 0 0 phytophthora-rot 
 1 1 1 2 1 0 3 1 1 0 1 1 1 0 2 2 0 0 0 1 0 2 2 0 0 0 0 0 0 0 0 0 0 0 0 phytophthora-rot 
 1 2 1 2 2 0 2 1 1 0 1 1 1 2 0 1 0 0 0 1 0 3 2 0 0 0 0 0 0 0 0 0 0 0 0 phytophthora-rot 
 0 1 1 2 0 0 2 1 2 1 1 1 1 0 2 2 0 0 0 1 0 2 2 0 0 0 0 0 3 4 0 0 0 0 0 phytophthora-rot 
 1 2 1 2 2 0 2 1 1 0 1 1 1 2 0 1 0 0 0 1 0 2 2 0 0 0 0 0 0 0 0 0 0 0 0 phytophthora-rot 
 1 3 1 2 1 0 2 1 1 0 1 1 1 2 0 1 0 0 0 1 0 3 2 0 0 0 0 0 0 0 0 0 0 0 0 phytophthora-rot 
 0 0 1 1 1 0 1 1 1 0 0 1 1 0 2 2 0 0 0 1 0 1 2 0 0 0 0 0 3 4 0 0 0 0 0 phytophthora-rot 
 0 3 1 2 0 0 2 1 2 1 1 1 1 0 2 2 0 0 0 1 0 2 2 0 0 0 0 0 3 4 0 0 0 0 0 phytophthora-rot 
 1 2 1 1 1 0 0 1 1 0 1 1 1 0 2 2 0 0 0 1 0 2 2 0 0 0 0 0 0 0 0 0 0 0 0 phytophthora-rot 
 0 2 1 2 0 0 1 1 2 0 1 1 1 0 2 2 0 0 0 1 0 1 2 0 0 0 0 0 3 4 0 0 0 0 0 phytophthora-rot 
 1 2 1 2 1 0 1 1 1 0 1 1 1 0 2 2 0 0 0 1 0 2 2 0 0 0 0 0 0 0 0 0 0 0 0 phytophthora-rot 
 1 1 1 2 1 0 1 1 1 0 1 1 1 2 0 1 0 0 0 1 0 1 2 0 0 0 0 0 0 0 0 0 0 0 0 phytophthora-rot 
 0 0 1 2 1 0 3 1 1 0 0 1 1 0 2 2 0 0 0 1 0 1 2 0 0 0 0 0 3 4 0 0 0 0 0 phytophthora-rot 
 0 0 1 1 1 1 2 1 2 1 0 1 1 0 2 2 0 0 0 1 1 2 2 0 1 0 0 0 3 4 0 0 0 0 0 phytophthora-rot 
 0 3 1 2 0 0 1 1 2 1 0 1 1 0 2 2 0 0 0 1 0 2 2 0 0 0 0 0 3 4 0 0 0 0 0 phytophthora-rot 
 1 2 1 2 2 0 3 1 1 0 1 1 1 2 0 1 0 0 0 1 0 3 2 0 0 0 0 0 0 0 0 0 0 0 0 phytophthora-rot 
 0 0 1 2 1 0 2 1 1 0 1 1 1 0 2 2 0 0 0 1 0 1 2 0 0 0 0 0 3 4 0 0 0 0 0 phytophthora-rot 
 1 2 1 1 2 0 2 1 1 0 1 1 1 0 2 2 0 0 0 1 0 2 2 0 0 0 0 0 0 0 0 0 0 0 0 phytophthora-rot 
 0 2 1 2 1 1 1 1 2 0 2 1 1 0 2 2 0 0 0 1 0 1 2 0 1 0 0 0 3 4 0 0 0 0 0 phytophthora-rot 
 0 0 1 2 1 0 3 1 1 0 2 1 1 0 2 2 0 0 0 1 0 1 2 0 0 0 0 0 3 4 0 0 0 0 0 phytophthora-rot 
 0 1 1 2 1 0 0 1 2 1 1 1 1 0 2 2 0 0 0 1 0 2 2 0 0 0 0 0 3 4 0 0 0 0 0 phytophthora-rot 
 1 1 1 2 1 0 0 1 1 0 1 1 1 0 2 2 0 0 0 1 0 1 2 0 0 0 0 0 0 0 0 0 0 0 0 phytophthora-rot 
 1 3 1 2 1 0 1 1 1 0 1 1 1 2 0 1 0 0 0 1 0 3 2 0 0 0 0 0 0 0 0 0 0 0 0 phytophthora-rot 
 1 2 1 2 1 0 1 1 1 0 1 1 1 0 2 2 0 0 0 1 0 3 2 0 0 0 0 0 0 0 0 0 0 0 0 phytophthora-rot 
 1 3 1 2 2 0 2 1 1 0 1 1 1 2 0 1 0 0 0 1 0 2 2 0 0 0 0 0 0 0 0 0 0 0 0 phytophthora-rot 
 0 1 1 2 1 1 3 1 2 0 1 1 1 0 2 2 0 0 0 1 1 1 2 0 1 0 0 0 3 4 0 0 0 0 0 phytophthora-rot 
 1 3 1 1 1 0 3 1 1 0 1 1 1 0 2 2 0 0 0 1 0 2 2 0 0 0 0 0 0 0 0 0 0 0 0 phytophthora-rot 
 1 2 1 2 2 0 1 1 1 0 1 1 1 2 0 1 0 0 0 1 0 2 2 0 0 0 0 0 0 0 0 0 0 0 0 phytophthora-rot 
 1 3 1 1 2 0 2 1 1 0 1 1 1 0 2 2 0 0 0 1 0 2 2 0 0 0 0 0 0 0 0 0 0 0 0 phytophthora-rot 
 1 1 1 2 2 0 1 1 1 0 1 1 1 2 0 1 0 0 0 1 0 1 2 0 0 0 0 0 0 0 0 0 0 0 0 phytophthora-rot 
 1 2 1 2 2 0 3 1 1 0 1 1 1 0 2 2 0 0 0 1 0 2 2 0 0 0 0 0 0 0 0 0 0 0 0 phytophthora-rot 
 1 3 1 1 1 0 0 1 1 0 1 1 1 0 2 2 0 0 0 1 0 3 2 0 0 0 0 0 0 0 0 0 0 0 0 phytophthora-rot 
 0 2 1 2 0 0 1 1 2 0 0 1 1 0 2 2 0 0 0 1 0 1 2 0 0 0 0 0 3 4 0 0 0 0 0 phytophthora-rot 
 1 3 1 1 1 0 1 1 1 0 1 1 1 0 2 2 0 0 0 1 0 3 2 0 0 0 0 0 0 0 0 0 0 0 0 phytophthora-rot 
 1 2 1 2 2 0 1 1 1 0 1 1 1 2 0 1 0 0 0 1 0 1 2 0 0 0 0 0 0 0 0 0 0 0 0 phytophthora-rot 
 0 1 1 2 0 0 0 1 2 1 0 1 1 0 2 2 0 0 0 1 0 2 2 0 0 0 0 0 3 4 0 0 0 0 0 phytophthora-rot 
 1 3 1 2 1 0 2 1 1 0 1 1 1 2 0 1 0 0 0 1 0 2 2 0 0 0 0 0 0 0 0 0 0 0 0 phytophthora-rot 
 1 3 1 2 1 0 3 1 1 0 1 1 1 2 0 1 0 0 0 1 0 3 2 0 0 0 0 0 0 0 0 0 0 0 0 phytophthora-rot 
 0 3 1 1 0 0 2 1 2 1 2 1 1 0 2 2 0 0 0 1 0 2 2 0 0 0 0 0 3 4 0 0 0 0 0 phytophthora-rot 
 1 3 1 2 2 0 2 1 1 0 1 1 1 2 0 1 0 0 0 1 0 3 2 0 0 0 0 0 0 0 0 0 0 0 0 phytophthora-rot 
 0 4 0 0 1 0 1 3 1 1 2 0 1 0 2 2 0 0 0 1 0 0 0 0 0 0 1 0 0 0 0 0 0 0 0 brown-stem-rot 
 0 4 0 0 1 0 1 3 1 1 2 0 1 0 2 2 0 0 0 1 0 0 0 0 0 0 1 0 0 0 0 0 0 0 0 brown-stem-rot 
 0 3 1 0 0 0 3 0 1 1 2 1 0 0 2 2 0 0 0 1 0 0 3 0 0 0 1 0 0 4 0 0 0 0 0 brown-stem-rot 
 0 5 0 0 2 0 1 3 1 1 2 0 1 0 2 2 0 0 0 1 0 0 0 0 0 0 1 0 0 0 0 0 0 0 0 brown-stem-rot 
 0 5 0 0 2 0 2 3 1 1 1 0 1 0 2 2 0 0 0 1 0 0 0 0 0 0 1 0 0 0 0 0 0 0 0 brown-stem-rot 
 0 4 0 0 1 0 3 2 1 0 1 0 1 0 2 2 0 0 0 1 0 0 0 0 0 0 1 0 0 0 0 0 0 0 0 brown-stem-rot 
 0 5 0 0 1 1 3 3 1 0 2 1 1 2 0 1 0 0 0 1 1 0 3 0 0 0 1 0 0 4 0 0 0 0 0 brown-stem-rot 
 0 6 0 1 1 1 2 0 1 1 0 1 0 0 2 1 0 0 0 1 1 0 3 0 0 0 1 0 0 4 0 0 0 0 0 brown-stem-rot 
 0 5 1 0 0 0 3 2 1 0 0 1 1 0 2 2 0 0 0 1 1 0 3 0 0 0 1 0 0 4 0 0 0 0 0 brown-stem-rot 
 0 5 1 0 1 0 1 3 1 1 0 1 1 2 0 1 0 0 0 1 1 0 3 0 0 0 1 0 0 4 0 0 0 0 0 brown-stem-rot 
 0 4 0 1 0 1 2 3 1 1 2 1 0 0 2 2 0 0 0 1 1 0 3 0 0 0 1 0 0 4 0 0 0 0 0 brown-stem-rot 
 0 4 1 0 0 0 3 2 1 1 1 1 1 2 0 1 0 0 0 1 1 0 3 0 0 0 1 0 0 4 0 0 0 0 0 brown-stem-rot 
 0 4 0 0 1 0 2 0 1 1 0 0 1 0 2 2 0 0 0 1 0 0 0 0 0 0 1 0 0 0 0 0 0 0 0 brown-stem-rot 
 0 3 1 0 0 0 2 0 2 0 1 1 1 2 0 1 0 0 0 1 0 0 3 0 0 0 1 0 0 4 0 0 0 0 0 brown-stem-rot 
 0 5 0 0 1 0 3 2 1 0 1 0 1 0 2 2 0 0 0 1 0 0 0 0 0 0 1 0 0 0 0 0 0 0 0 brown-stem-rot 
 0 4 0 0 1 0 3 3 1 1 0 0 1 0 2 2 0 0 0 1 0 0 0 0 0 0 1 0 0 0 0 0 0 0 0 brown-stem-rot 
 0 4 0 0 1 0 3 2 1 0 2 0 1 0 2 2 0 0 0 1 0 0 0 0 0 0 1 0 0 0 0 0 0 0 0 brown-stem-rot 
 0 4 0 0 1 0 1 2 1 1 2 0 1 0 2 2 0 0 0 1 0 0 0 0 0 0 1 0 0 0 0 0 0 0 0 brown-stem-rot 
 0 4 0 0 1 0 1 2 1 0 0 0 1 0 2 2 0 0 0 1 0 0 0 0 0 0 1 0 0 0 0 0 0 0 0 brown-stem-rot 
 0 3 0 0 1 0 3 2 1 0 0 0 1 0 2 2 0 0 0 1 0 0 0 0 0 0 1 0 0 0 0 0 0 0 0 brown-stem-rot 
 0 5 0 0 1 1 3 3 1 0 1 0 1 0 2 2 0 0 1 0 0 0 0 0 0 0 0 0 0 0 0 0 0 0 0 powdery-mildew 
 0 6 0 1 0 1 0 0 0 1 2 0 1 0 2 2 0 0 1 0 0 0 0 0 0 0 0 0 0 0 0 0 0 0 0 powdery-mildew 
 0 1 1 0 1 0 3 3 1 2 0 0 1 0 2 2 0 0 1 0 0 0 0 0 0 0 0 0 0 0 0 0 0 0 0 powdery-mildew 
 0 6 1 1 0 0 2 2 0 1 2 0 1 0 2 2 0 0 1 0 0 0 0 0 0 0 0 0 0 0 0 0 0 0 0 powdery-mildew 
 0 4 1 1 0 0 2 2 0 2 0 0 1 0 2 2 0 0 1 0 0 0 0 0 0 0 0 0 0 0 0 0 0 0 0 powdery-mildew 
 0 6 0 0 1 1 1 1 1 0 2 0 1 0 2 2 0 0 1 0 0 0 0 0 0 0 0 0 0 0 0 0 0 0 0 powdery-mildew 
 0 2 1 1 0 0 2 2 0 0 1 0 1 0 2 2 0 0 1 0 0 0 0 0 0 0 0 0 0 0 0 0 0 0 0 powdery-mildew 
 0 6 1 0 1 0 1 1 1 1 2 0 1 0 2 2 0 0 1 0 0 0 0 0 0 0 0 0 0 0 0 0 0 0 0 powdery-mildew 
 0 5 1 0 1 0 1 1 1 0 1 0 1 0 2 2 0 0 1 0 0 0 0 0 0 0 0 0 0 0 0 0 0 0 0 powdery-mildew 
 0 1 1 0 1 0 1 1 1 2 0 0 1 0 2 2 0 0 1 0 0 0 0 0 0 0 0 0 0 0 0 0 0 0 0 powdery-mildew 
 0 6 0 2 0 1 2 1 0 1 2 0 1 2 0 1 0 1 2 0 0 0 0 0 0 0 0 0 0 0 1 1 0 0 0 downy-mildew 
 0 2 0 2 1 1 1 1 1 1 2 0 1 2 0 1 0 1 2 0 0 0 0 0 0 0 0 0 0 0 1 1 0 0 0 downy-mildew 
 0 1 0 2 1 1 3 2 1 0 1 0 1 1 0 1 0 0 2 0 0 0 0 0 0 0 0 0 0 0 1 1 0 0 0 downy-mildew 
 0 4 1 2 2 0 2 2 1 0 1 0 1 1 0 1 0 1 2 0 0 0 0 0 0 0 0 0 0 0 1 1 0 0 0 downy-mildew 
 0 1 0 2 0 1 0 0 1 0 1 0 1 1 0 1 0 0 2 0 0 0 0 0 0 0 0 0 0 0 1 1 0 0 0 downy-mildew 
 0 2 1 2 0 0 3 0 1 0 1 0 1 1 0 1 0 0 2 0 0 0 0 0 0 0 0 0 0 0 1 1 0 0 0 downy-mildew 
 0 2 1 2 1 0 2 0 1 0 1 0 1 2 0 1 0 0 2 0 0 0 0 0 0 0 0 0 0 0 1 1 0 0 0 downy-mildew 
 0 4 1 2 2 0 2 1 0 1 2 0 1 1 0 1 0 0 2 0 0 0 0 0 0 0 0 0 0 0 1 1 0 0 0 downy-mildew 
 0 4 1 2 0 0 1 2 1 0 1 0 1 2 0 1 0 0 2 0 0 0 0 0 0 0 0 0 0 0 1 1 0 0 0 downy-mildew 
 0 5 1 2 1 0 3 2 1 0 1 0 1 1 0 1 0 0 2 0 0 0 0 0 0 0 0 0 0 0 1 1 0 0 0 downy-mildew 
 0 1 1 2 2 1 3 3 1 0 2 1 1 2 0 1 0 0 0 0 0 0 0 0 0 0 0 0 0 0 0 0 0 0 0 brown-spot 
 0 2 0 2 1 0 2 3 1 1 1 0 1 2 0 1 0 0 0 0 0 0 0 0 0 0 0 0 0 0 0 0 0 0 0 brown-spot 
 0 2 0 2 1 0 2 3 1 1 0 0 1 2 0 1 1 0 0 0 0 0 0 0 0 0 0 0 0 0 0 0 0 0 0 brown-spot 
 0 2 0 2 1 0 1 0 1 2 0 0 1 2 0 1 1 0 0 0 0 0 0 0 0 0 0 0 0 0 0 0 0 0 0 brown-spot 
 0 1 1 2 2 1 3 3 1 1 1 1 1 2 0 1 0 0 0 0 0 0 0 0 0 0 0 0 0 0 0 0 0 0 0 brown-spot 
 0 1 1 2 1 0 2 3 1 0 2 0 1 2 0 1 1 0 0 0 0 0 0 0 0 0 0 0 0 0 0 0 0 0 0 brown-spot 
 0 0 1 2 2 1 3 3 1 2 1 0 1 2 0 1 0 0 0 0 0 0 0 0 0 0 0 0 0 0 0 0 0 0 0 brown-spot 
 0 2 0 2 1 0 2 3 1 0 0 0 1 2 0 1 1 0 0 0 0 0 0 0 0 0 0 0 0 0 0 0 0 0 0 brown-spot 
 0 1 0 2 1 0 2 3 1 1 1 0 1 2 0 1 1 0 0 0 0 0 0 0 0 0 0 0 0 0 0 0 0 0 0 brown-spot 
 0 2 1 2 1 0 3 3 1 0 2 0 1 2 0 1 1 0 0 0 0 0 0 0 0 0 0 0 0 0 0 0 0 0 0 brown-spot 
 0 5 0 2 1 0 2 2 1 0 1 0 1 2 0 1 0 0 0 1 0 3 1 1 0 0 0 0 0 0 0 0 0 0 0 brown-spot 
 0 1 1 2 1 0 3 3 1 1 2 0 1 2 0 1 1 0 0 0 0 0 0 0 0 0 0 0 0 0 0 0 0 0 0 brown-spot 
 0 1 0 2 1 0 3 3 1 2 0 0 1 2 0 1 1 0 0 0 0 0 0 0 0 0 0 0 0 0 0 0 0 0 0 brown-spot 
 0 4 0 2 1 0 1 3 1 0 0 0 1 2 0 1 1 0 0 1 0 3 1 1 0 0 0 0 0 0 0 0 0 0 0 brown-spot 
 0 1 0 2 1 0 2 3 1 0 1 0 1 2 0 1 1 0 0 0 0 0 0 0 0 0 0 0 0 0 0 0 0 0 0 brown-spot 
 0 4 1 2 1 0 3 3 1 0 2 0 1 2 0 1 0 0 0 1 0 3 1 1 0 0 0 0 0 0 0 0 0 0 0 brown-spot 
 0 2 0 2 1 0 3 3 1 0 0 0 1 2 0 1 1 0 0 0 0 0 0 0 0 0 0 0 0 0 0 0 0 0 0 brown-spot 
 0 0 1 1 1 1 2 2 0 2 1 1 1 2 0 1 0 0 0 0 0 0 0 0 0 0 0 0 0 0 0 0 0 0 0 brown-spot 
 0 1 1 1 1 1 2 0 0 0 2 0 1 2 0 1 0 0 0 0 0 0 0 0 0 0 0 0 0 0 0 0 0 0 0 brown-spot 
 0 1 1 2 1 0 1 0 1 2 2 0 1 2 0 1 1 0 0 0 0 0 0 0 0 0 0 0 0 0 0 0 0 0 0 brown-spot 
 0 1 0 2 1 0 1 3 1 0 0 0 1 2 0 1 0 0 0 1 0 3 1 1 0 0 0 0 0 0 0 0 0 0 0 brown-spot 
 0 2 0 2 1 0 3 3 1 1 1 0 1 2 0 1 1 0 0 0 0 0 0 0 0 0 0 0 0 0 0 0 0 0 0 brown-spot 
 0 3 0 2 1 0 2 3 2 2 1 0 1 2 0 1 0 0 0 1 0 0 3 1 1 0 0 0 0 0 0 0 0 0 0 brown-spot 
 0 2 1 2 2 1 3 1 1 1 0 1 1 2 0 1 0 0 0 0 0 0 0 0 0 0 0 0 0 0 0 0 0 0 0 brown-spot 
 0 1 0 2 1 0 2 3 1 2 0 0 1 2 0 1 1 0 0 0 0 0 0 0 0 0 0 0 0 0 0 0 0 0 0 brown-spot 
 0 1 1 2 1 0 2 3 1 0 2 0 1 2 0 1 1 0 0 0 0 0 0 0 0 0 0 0 0 0 0 0 0 0 0 brown-spot 
 0 5 0 2 1 0 1 3 1 0 0 0 1 2 0 1 1 0 0 1 0 3 1 1 0 0 0 0 0 0 0 0 0 0 0 brown-spot 
 0 4 1 1 1 1 2 2 0 0 2 0 1 2 0 1 0 0 0 1 0 3 1 1 0 0 0 0 0 1 0 0 0 0 0 brown-spot 
 0 3 1 2 1 0 1 3 1 0 2 0 1 2 0 1 1 0 0 1 0 3 1 1 0 0 0 0 0 0 0 0 0 0 0 brown-spot 
 0 1 0 2 1 0 3 3 1 0 0 0 1 2 0 1 0 0 0 0 0 0 0 0 0 0 0 0 0 0 0 0 0 0 0 brown-spot 
 0 4 0 2 1 0 2 3 2 1 1 0 1 2 0 1 0 0 0 1 0 0 3 1 1 0 0 0 0 0 0 0 0 0 0 brown-spot 
 0 2 1 2 1 0 2 3 1 0 2 0 1 2 0 1 0 0 0 0 0 0 0 0 0 0 0 0 0 0 0 0 0 0 0 brown-spot 
 0 2 1 1 1 1 0 0 1 1 0 0 1 2 0 1 0 0 0 0 0 0 0 0 0 0 0 0 0 0 0 0 0 0 0 brown-spot 
 0 3 1 2 1 0 3 1 1 0 2 0 1 2 0 1 0 0 0 1 0 3 1 1 0 0 0 0 0 0 0 0 0 0 0 brown-spot 
 0 3 0 2 1 0 3 3 2 2 0 0 1 2 0 1 0 0 0 1 0 0 3 1 1 0 0 0 0 0 0 0 0 0 0 brown-spot 
 0 2 0 2 1 0 2 2 1 0 1 0 1 2 0 1 0 0 0 1 0 3 1 1 0 0 0 0 0 0 0 0 0 0 0 brown-spot 
 0 3 0 2 1 0 3 1 1 0 0 0 1 2 0 1 1 0 0 0 0 0 0 0 0 0 0 0 0 0 0 0 0 0 0 brown-spot 
 0 3 1 2 1 0 3 1 1 0 2 0 1 2 0 1 1 0 0 1 0 3 1 1 0 0 0 0 0 0 0 0 0 0 0 brown-spot 
 0 2 1 2 1 0 3 3 2 2 2 0 1 2 0 1 1 0 0 0 0 0 0 0 0 0 0 0 0 0 0 0 0 0 0 brown-spot 
 0 5 1 2 1 0 3 3 2 0 2 0 1 2 0 1 0 0 0 1 0 0 3 1 1 0 0 0 0 0 0 0 0 0 0 brown-spot 
 0 5 0 2 1 1 3 3 1 1 0 0 1 2 0 0 1 0 0 0 0 0 0 0 0 0 0 0 0 0 0 0 0 0 0 bacterial-blight 
 0 4 0 2 2 1 2 3 1 1 1 0 1 2 0 0 1 0 0 0 0 0 0 0 0 0 0 0 0 0 0 0 0 0 0 bacterial-blight 
 0 2 0 1 1 0 0 0 0 0 0 0 1 1 0 0 0 0 0 0 0 0 0 0 0 0 0 0 0 0 0 0 0 0 0 bacterial-blight 
 0 3 0 1 1 0 1 2 0 0 0 0 1 1 0 0 1 0 0 0 0 0 0 0 0 0 0 0 0 0 0 0 0 0 0 bacterial-blight 
 0 3 0 1 1 0 3 2 0 0 0 0 1 1 0 0 1 1 0 0 0 0 0 0 0 0 0 0 0 0 0 0 0 0 0 bacterial-blight 
 0 3 0 2 1 1 2 1 1 1 0 0 1 2 0 0 1 0 0 0 0 0 0 0 0 0 0 0 0 0 0 0 0 0 0 bacterial-blight 
 0 3 0 1 1 0 1 0 0 0 1 0 1 1 0 0 1 0 0 0 0 0 0 0 0 0 0 0 0 0 0 0 0 0 0 bacterial-blight 
 0 4 0 2 1 1 0 3 1 1 1 0 1 2 0 0 1 0 0 0 0 0 0 0 0 0 0 0 0 0 0 0 0 0 0 bacterial-blight 
 0 2 0 1 1 0 3 1 0 0 0 0 1 1 0 0 1 0 0 0 0 0 0 0 0 0 0 0 0 0 0 0 0 0 0 bacterial-blight 
 0 4 1 2 2 1 2 1 1 1 2 0 1 2 0 0 1 0 0 0 0 0 0 0 0 0 0 0 0 0 0 0 0 0 0 bacterial-blight 
 2 2 1 1 2 0 2 2 0 0 2 0 1 1 1 0 0 0 0 0 0 0 0 0 0 0 0 0 0 0 0 0 0 0 0 bacterial-pustule 
 0 3 0 2 0 1 2 3 1 1 1 1 1 2 1 0 1 0 0 0 0 0 0 0 0 0 0 0 0 0 1 1 1 0 0 bacterial-pustule 
 0 2 0 1 0 0 0 0 0 0 0 0 1 1 1 0 0 0 0 0 0 0 0 0 0 0 0 0 0 0 0 0 0 0 0 bacterial-pustule 
 1 4 1 2 1 0 3 0 1 0 2 0 1 1 0 0 1 1 0 0 0 0 0 0 0 0 0 0 0 0 0 0 0 1 0 bacterial-pustule 
 1 3 0 2 1 1 1 1 1 0 1 0 1 1 1 0 1 0 0 0 0 0 0 0 0 0 0 0 0 0 1 1 1 1 0 bacterial-pustule 
 1 3 1 1 0 0 2 0 0 0 2 0 1 2 1 0 0 0 0 0 0 0 0 0 0 0 0 0 0 0 0 0 0 0 0 bacterial-pustule 
 0 3 0 1 1 1 2 3 0 0 1 1 1 1 1 0 1 0 0 0 0 0 0 0 0 0 0 0 0 0 1 1 1 1 0 bacterial-pustule 
 1 3 1 2 1 0 0 2 1 0 2 0 1 1 1 0 1 0 0 0 0 0 0 0 0 0 0 0 0 0 0 0 0 1 0 bacterial-pustule 
 0 4 0 1 1 1 1 3 0 0 1 0 1 1 1 0 1 0 0 0 0 0 0 0 0 0 0 0 0 0 1 1 1 1 0 bacterial-pustule 
 1 5 1 1 1 0 2 0 0 1 2 0 1 1 1 0 1 0 0 0 0 0 0 0 0 0 0 0 0 0 0 0 0 0 0 bacterial-pustule 
 0 6 0 2 0 1 2 2 0 0 0 0 0 0 2 2 0 0 0 1 1 0 3 0 0 0 0 0 1 1 1 0 1 0 0 purple-seed-stain 
 0 6 0 2 0 0 2 2 0 1 1 0 1 2 0 0 0 0 0 1 0 0 3 0 0 0 0 0 1 1 1 0 1 0 0 purple-seed-stain 
 0 4 0 2 1 1 1 1 0 1 2 0 0 0 2 2 0 0 0 0 0 0 3 0 0 0 0 0 0 0 1 0 1 0 0 purple-seed-stain 
 0 4 0 2 1 1 0 0 0 0 1 0 1 2 0 0 0 0 0 0 1 0 3 0 0 0 0 0 0 0 1 0 1 0 0 purple-seed-stain 
 0 4 0 2 0 0 0 0 0 0 2 0 1 2 0 0 0 0 0 0 0 0 3 0 0 0 0 0 0 0 1 0 1 0 0 purple-seed-stain 
 0 6 0 2 2 0 2 2 0 0 1 0 1 2 0 0 0 0 0 1 0 0 3 0 0 0 0 0 1 1 1 0 1 0 0 purple-seed-stain 
 0 3 0 2 0 1 0 0 0 0 1 0 0 0 2 2 0 0 0 0 1 0 3 0 0 0 0 0 0 0 1 0 1 0 0 purple-seed-stain 
 0 3 0 2 1 1 3 3 0 1 1 0 0 0 2 2 0 0 0 0 0 0 3 0 0 0 0 0 0 0 1 0 1 0 0 purple-seed-stain 
 0 5 0 2 1 0 1 1 0 0 0 0 1 2 0 0 0 0 0 1 0 0 3 0 0 0 0 0 1 1 1 0 1 0 0 purple-seed-stain 
 0 4 0 2 1 0 0 0 0 1 1 0 0 0 2 2 0 0 0 1 0 0 3 0 0 0 0 0 0 0 1 0 1 0 0 purple-seed-stain 
 0 5 1 2 1 0 3 3 1 1 0 0 0 0 2 2 0 0 0 1 0 3 2 0 0 0 0 0 1 2 0 0 0 0 0 anthracnose 
 0 5 1 2 2 1 2 2 0 1 2 0 1 0 2 2 0 0 0 1 0 3 1 1 1 0 0 0 1 2 1 1 1 0 1 anthracnose 
 0 6 0 2 1 0 1 1 1 1 1 0 0 0 2 2 0 0 0 1 0 3 2 1 0 0 0 0 1 2 1 1 0 1 1 anthracnose 
 0 2 1 2 2 1 0 0 1 0 0 1 1 0 2 2 0 0 0 1 0 2 1 0 1 0 0 0 0 0 0 0 0 0 0 anthracnose 
 0 3 0 2 1 0 3 3 1 0 0 1 1 0 2 2 0 0 0 1 0 3 2 1 1 0 0 0 1 2 1 1 1 0 0 anthracnose 
 0 4 1 2 2 1 2 2 1 0 1 1 1 0 2 2 0 0 0 1 0 3 1 1 1 0 0 0 1 2 0 0 0 0 0 anthracnose 
 0 6 0 2 1 0 2 2 1 0 1 0 0 0 2 2 0 0 0 1 0 3 2 1 0 0 0 0 1 2 1 1 0 1 1 anthracnose 
 0 1 0 2 1 0 1 1 1 1 1 1 1 0 2 2 0 0 0 1 0 2 2 0 1 0 0 0 0 0 1 0 1 0 0 anthracnose 
 0 6 1 2 1 0 2 2 1 1 1 0 0 0 2 2 0 0 0 1 0 3 2 1 0 0 0 0 1 2 1 1 0 1 1 anthracnose 
 0 5 0 2 1 0 1 1 1 2 2 1 1 0 2 2 0 0 0 1 0 3 2 1 1 0 0 0 1 2 1 1 1 0 0 anthracnose 
 0 5 1 2 2 1 3 3 0 1 2 1 1 0 2 2 0 0 0 1 1 3 2 1 1 0 0 0 1 2 0 0 0 0 0 anthracnose 
 0 0 0 2 1 0 3 3 1 1 2 1 1 0 2 2 0 0 0 1 0 2 2 0 1 0 0 0 0 0 1 1 0 1 0 anthracnose 
 0 6 0 2 1 0 2 2 0 0 0 1 1 0 2 2 0 0 0 1 0 3 1 1 1 0 0 0 1 2 1 0 1 1 1 anthracnose 
 0 5 1 2 1 0 1 1 1 0 1 0 0 0 2 2 0 0 0 1 0 3 2 0 0 0 0 0 1 2 1 1 0 1 1 anthracnose 
 0 5 0 2 1 0 2 2 1 0 2 0 0 0 2 2 0 0 0 1 0 3 2 1 0 0 0 0 1 2 0 0 0 0 0 anthracnose 
 0 6 1 2 2 1 0 0 1 0 1 0 1 0 2 2 0 0 0 1 0 3 1 1 1 0 0 0 1 2 0 0 0 0 0 anthracnose 
 0 5 0 2 1 0 1 1 1 0 0 0 0 0 2 2 0 0 0 1 0 3 2 1 0 0 0 0 1 2 1 1 0 1 1 anthracnose 
 0 6 1 2 2 1 3 3 0 2 1 0 1 0 2 2 0 0 0 1 1 3 2 1 1 0 0 0 1 2 0 0 0 0 0 anthracnose 
 0 5 1 2 1 0 3 3 1 0 1 0 0 0 2 2 0 0 0 1 0 3 2 0 0 0 0 0 1 2 1 1 0 1 1 anthracnose 
 0 5 1 2 1 0 2 2 1 1 1 0 0 0 2 2 0 0 0 1 0 3 2 0 0 0 0 0 1 2 1 1 0 1 1 anthracnose 
 0 3 1 1 1 0 0 2 0 0 2 0 1 2 0 1 0 0 0 0 0 0 0 0 0 0 0 0 0 0 0 0 0 0 0 phyllosticta-leaf-spot 
 0 3 0 0 1 1 0 2 0 0 1 0 1 2 0 1 0 1 0 0 0 0 0 0 0 0 0 0 0 0 0 0 0 0 0 phyllosticta-leaf-spot 
 0 3 1 1 1 0 0 0 0 0 0 0 1 2 0 1 0 0 0 0 0 0 0 0 0 0 0 0 0 0 0 0 0 0 0 phyllosticta-leaf-spot 
 0 3 0 0 1 1 2 0 0 0 0 0 1 2 0 1 0 0 0 0 0 0 0 0 0 0 0 0 0 0 0 0 0 0 0 phyllosticta-leaf-spot 
 0 3 1 1 2 0 3 2 0 1 1 0 1 2 0 1 1 1 0 0 0 0 0 0 0 0 0 0 0 0 0 0 0 0 0 phyllosticta-leaf-spot 
 0 2 0 0 1 1 0 3 0 2 2 0 1 2 0 1 0 0 0 0 0 0 0 0 0 0 0 0 0 0 0 0 0 0 0 phyllosticta-leaf-spot 
 0 1 0 0 2 1 3 2 1 1 1 0 1 2 0 1 1 1 0 0 0 0 0 0 0 0 0 0 0 0 0 0 0 0 0 phyllosticta-leaf-spot 
 0 2 1 1 1 0 2 2 1 1 1 0 1 2 0 1 0 1 0 0 0 0 0 0 0 0 0 0 0 0 0 0 0 0 0 phyllosticta-leaf-spot 
 0 2 0 0 2 1 3 0 1 1 0 1 1 2 0 1 1 0 0 0 0 0 0 0 0 0 0 0 0 0 0 0 0 0 0 phyllosticta-leaf-spot 
 0 2 1 1 2 0 3 3 0 2 2 0 1 2 0 1 1 0 0 0 0 0 0 0 0 0 0 0 0 0 0 0 0 0 0 phyllosticta-leaf-spot 
 0 4 1 2 1 0 1 1 1 1 2 0 1 2 0 1 0 0 0 0 0 0 0 0 0 0 0 0 0 0 0 0 0 0 0 alternarialeaf-spot 
 0 4 0 1 1 0 3 3 1 0 1 0 1 2 0 1 0 0 0 0 0 0 0 0 0 0 0 0 0 0 0 0 0 0 0 alternarialeaf-spot 
 0 3 0 2 1 0 0 0 1 0 1 0 1 2 0 1 0 0 0 0 0 0 0 0 0 0 0 0 0 0 0 0 0 0 0 alternarialeaf-spot 
 0 6 0 2 2 0 3 3 0 1 1 0 1 2 0 1 0 0 0 0 0 0 0 0 0 0 0 0 0 0 0 0 0 0 0 alternarialeaf-spot 
 0 6 0 1 1 1 2 2 0 2 2 0 1 2 0 1 0 0 0 0 0 0 0 0 0 0 0 0 0 0 1 0 1 0 0 alternarialeaf-spot 
 0 5 0 2 2 0 3 3 1 0 1 0 1 2 0 1 0 0 0 0 0 0 0 0 0 0 0 0 0 0 0 0 0 0 0 alternarialeaf-spot 
 0 6 0 1 1 0 3 3 0 1 1 0 1 2 0 1 0 0 0 0 0 0 0 0 0 0 0 0 0 0 0 0 0 0 0 alternarialeaf-spot 
 0 5 1 2 2 0 3 1 0 0 2 0 1 2 0 1 0 0 0 0 0 0 0 0 0 0 0 0 0 0 0 0 0 0 0 alternarialeaf-spot 
 0 6 0 2 2 0 3 3 0 1 1 0 1 2 0 1 0 0 0 0 0 0 0 0 0 0 0 0 0 0 0 0 0 0 0 alternarialeaf-spot 
 0 6 0 2 2 0 3 2 1 1 0 0 1 2 0 1 0 0 0 0 0 0 0 0 0 0 0 0 0 0 0 0 0 0 0 alternarialeaf-spot 
 0 5 0 2 2 0 2 3 0 0 1 0 1 2 0 1 0 0 0 0 0 0 0 0 0 0 0 0 0 0 0 0 0 0 0 alternarialeaf-spot 
 0 4 1 2 1 0 3 0 1 1 2 0 1 2 0 1 0 0 0 0 0 0 0 0 0 0 0 0 0 0 0 0 0 0 0 alternarialeaf-spot 
 0 6 0 2 1 0 1 1 0 1 0 0 1 2 0 1 1 0 0 0 0 0 0 0 0 0 0 0 0 0 0 0 0 0 0 alternarialeaf-spot 
 0 5 0 2 2 0 2 2 1 0 0 0 1 2 0 1 0 0 0 0 0 0 0 0 0 0 0 0 0 0 0 0 0 0 0 alternarialeaf-spot 
 0 5 1 2 1 0 0 0 0 0 2 0 1 2 0 1 0 0 0 0 0 0 0 0 0 0 0 0 0 0 0 0 0 0 0 alternarialeaf-spot 
 0 4 0 2 1 0 2 2 0 0 1 0 1 2 0 1 0 0 0 0 0 0 0 0 0 0 0 0 0 0 0 0 0 0 0 alternarialeaf-spot 
 0 4 0 2 1 0 1 1 1 1 1 0 1 2 0 1 1 0 0 0 0 0 0 0 0 0 0 0 0 0 0 0 0 0 0 alternarialeaf-spot 
 0 5 0 2 1 0 2 1 0 0 0 0 1 2 0 1 0 0 0 0 0 0 0 0 0 0 0 0 0 0 0 0 0 0 0 alternarialeaf-spot 
 0 6 0 2 2 0 3 2 0 1 0 0 1 2 0 1 0 0 0 0 0 0 0 0 0 0 0 0 0 0 0 0 0 0 0 alternarialeaf-spot 
 0 6 1 2 2 0 1 1 0 1 2 0 1 2 0 1 0 0 0 0 0 0 0 0 0 0 0 0 0 0 0 0 0 0 0 alternarialeaf-spot 
 0 5 1 2 2 0 3 1 1 0 2 0 1 2 0 1 0 0 0 0 0 0 0 0 0 0 0 0 0 0 0 0 0 0 0 alternarialeaf-spot 
 0 5 1 2 2 0 3 3 1 1 1 0 1 2 0 1 0 0 0 0 0 0 0 0 0 0 0 0 0 0 0 0 0 0 0 alternarialeaf-spot 
 0 4 1 2 1 0 2 1 0 0 2 0 1 2 0 1 1 0 0 0 0 0 0 0 0 0 0 0 0 0 0 0 0 0 0 alternarialeaf-spot 
 0 6 1 1 2 0 2 2 0 2 0 0 1 2 0 1 0 0 0 0 0 0 0 0 0 0 0 0 0 0 1 0 1 0 0 alternarialeaf-spot 
 0 4 1 2 1 0 1 2 1 1 2 0 1 2 0 1 0 0 0 0 0 0 0 0 0 0 0 0 0 0 0 0 0 0 0 alternarialeaf-spot 
 0 6 1 2 2 0 2 1 0 1 2 0 1 2 0 1 0 0 0 0 0 0 0 0 0 0 0 0 0 0 0 0 0 0 0 alternarialeaf-spot 
 0 4 1 2 1 0 0 3 0 0 2 0 1 2 0 1 0 0 0 0 0 0 0 0 0 0 0 0 0 0 0 0 0 0 0 alternarialeaf-spot 
 0 4 0 2 2 0 3 3 1 0 0 0 1 2 0 1 0 0 0 0 0 0 0 0 0 0 0 0 0 0 0 0 0 0 0 alternarialeaf-spot 
 0 5 0 2 2 0 2 3 1 0 1 0 1 2 0 1 0 0 0 0 0 0 0 0 0 0 0 0 0 0 0 0 0 0 0 alternarialeaf-spot 
 0 3 0 2 1 0 0 0 1 0 0 0 1 2 0 1 0 0 0 0 0 0 0 0 0 0 0 0 0 0 0 0 0 0 0 alternarialeaf-spot 
 0 5 0 2 1 0 1 2 0 1 0 0 1 2 0 1 1 0 0 0 0 0 0 0 0 0 0 0 0 0 0 0 0 0 0 alternarialeaf-spot 
 0 5 0 2 2 0 1 1 0 1 1 0 1 2 0 1 0 0 0 0 0 0 0 0 0 0 0 0 0 0 0 0 0 0 0 alternarialeaf-spot 
 0 4 0 2 2 0 1 1 1 0 2 0 1 2 0 1 0 0 0 0 0 0 0 0 0 0 0 0 0 0 0 0 0 0 0 alternarialeaf-spot 
 0 5 1 2 1 0 3 3 0 1 2 0 1 2 0 1 1 0 0 0 0 0 0 0 0 0 0 0 0 0 0 0 0 0 0 alternarialeaf-spot 
 0 6 0 2 1 0 2 1 0 0 1 0 1 2 0 1 1 0 0 0 0 0 0 0 0 0 0 0 0 0 0 0 0 0 0 alternarialeaf-spot 
 0 5 0 2 1 0 0 3 0 0 0 0 1 2 0 1 0 0 0 0 0 0 0 0 0 0 0 0 0 0 0 0 0 0 0 alternarialeaf-spot 
 0 6 0 2 1 0 0 3 0 0 1 0 1 2 0 1 0 0 0 0 0 0 0 0 0 0 0 0 0 0 0 0 0 0 0 alternarialeaf-spot 
 0 5 1 2 2 0 2 1 1 0 2 0 1 2 0 1 0 0 0 0 0 0 0 0 0 0 0 0 0 0 0 0 0 0 0 alternarialeaf-spot 
 0 5 0 2 1 0 3 0 0 1 0 0 1 2 0 1 1 0 0 0 0 0 0 0 0 0 0 0 0 0 0 0 0 0 0 alternarialeaf-spot 
 0 6 0 2 1 0 1 2 0 1 1 0 1 2 0 1 1 0 0 0 0 0 0 0 0 0 0 0 0 0 0 0 0 0 0 alternarialeaf-spot 
 0 6 0 1 2 0 3 3 0 0 0 0 1 2 0 1 0 0 0 1 0 3 2 1 1 0 0 0 1 2 1 0 0 0 0 frog-eye-leaf-spot 
 0 4 0 1 2 0 1 1 0 1 1 0 1 2 0 1 0 0 0 0 0 0 0 0 0 0 0 0 0 0 0 0 0 0 0 frog-eye-leaf-spot 
 0 5 0 1 1 0 2 1 0 0 0 0 1 2 0 1 0 0 0 1 0 3 1 0 1 0 0 0 0 0 0 0 0 0 0 frog-eye-leaf-spot 
 0 5 1 2 1 0 3 2 0 0 2 0 1 2 0 1 0 0 0 0 0 0 0 0 0 0 0 0 0 0 0 0 0 0 0 frog-eye-leaf-spot 
 0 6 1 2 2 0 3 3 0 1 2 0 1 2 0 1 0 0 0 1 0 3 2 0 1 0 0 0 1 1 0 0 0 0 0 frog-eye-leaf-spot 
 0 4 0 1 1 0 3 3 1 1 0 0 1 2 0 1 0 0 0 0 0 0 0 0 0 0 0 0 0 0 0 0 0 0 0 frog-eye-leaf-spot 
 0 3 0 2 1 0 2 3 0 1 1 0 1 2 0 1 0 0 0 1 0 3 2 0 1 0 0 0 1 1 0 0 0 0 0 frog-eye-leaf-spot 
 0 5 0 2 2 0 2 2 0 0 1 0 1 2 0 1 0 0 0 1 0 3 2 0 1 0 0 0 1 1 0 0 0 0 0 frog-eye-leaf-spot 
 0 5 0 2 1 0 1 1 1 1 0 0 1 2 0 1 0 0 0 0 0 0 0 0 0 0 0 0 0 0 0 0 0 0 0 frog-eye-leaf-spot 
 0 5 0 2 2 0 2 3 0 1 1 0 1 2 0 1 0 0 0 1 0 3 2 0 1 0 0 0 1 1 0 0 0 0 0 frog-eye-leaf-spot 
 0 5 0 2 1 0 0 1 0 1 1 0 1 2 0 1 0 0 0 1 0 3 2 0 1 0 0 0 1 1 0 0 0 0 0 frog-eye-leaf-spot 
 0 4 0 2 1 0 2 3 0 1 0 0 1 2 0 1 0 0 0 0 0 0 0 0 0 0 0 0 0 0 0 0 0 0 0 frog-eye-leaf-spot 
 0 4 0 2 2 0 1 1 1 1 0 0 1 2 0 1 0 0 0 1 0 3 2 0 1 0 0 0 1 1 0 0 0 0 0 frog-eye-leaf-spot 
 0 4 0 2 1 0 2 1 1 1 1 0 1 2 0 1 0 0 0 1 0 3 1 0 1 0 0 0 1 1 0 0 0 0 0 frog-eye-leaf-spot 
 0 3 1 2 1 0 3 2 1 0 2 0 1 2 0 1 0 0 0 1 0 3 2 0 1 0 0 0 1 1 0 0 0 0 0 frog-eye-leaf-spot 
 0 5 0 2 1 0 3 0 1 0 1 0 1 2 0 1 0 0 0 1 0 3 1 0 1 0 0 0 1 1 0 0 0 0 0 frog-eye-leaf-spot 
 0 5 0 2 2 0 1 1 0 1 0 0 1 2 0 1 0 0 0 1 0 3 2 0 1 0 0 0 1 1 0 0 0 0 0 frog-eye-leaf-spot 
 0 4 0 2 2 0 1 2 1 0 0 0 1 2 0 1 0 0 0 1 0 3 2 0 1 0 0 0 1 1 0 0 0 0 0 frog-eye-leaf-spot 
 0 5 0 2 2 0 2 1 0 1 1 0 1 2 0 1 0 0 0 1 0 3 2 0 1 0 0 0 1 1 0 0 0 0 0 frog-eye-leaf-spot 
 0 5 0 2 1 0 3 0 1 0 0 0 1 2 0 1 0 0 0 1 0 3 1 0 1 0 0 0 1 1 0 0 0 0 0 frog-eye-leaf-spot 
 0 3 0 2 1 0 1 2 1 0 1 0 1 2 0 1 0 0 0 0 0 0 0 0 0 0 0 0 0 0 0 0 0 0 0 frog-eye-leaf-spot 
 0 6 0 1 2 0 3 3 0 1 0 0 1 2 0 1 0 0 0 1 0 3 2 1 0 0 0 0 1 2 1 0 1 1 1 frog-eye-leaf-spot 
 0 5 0 1 1 0 1 3 1 2 0 0 1 2 0 1 0 0 0 1 0 3 0 1 0 0 0 0 1 1 0 0 0 0 0 frog-eye-leaf-spot 
 0 5 0 2 1 0 3 2 1 0 0 0 1 2 0 1 0 0 0 1 0 3 1 0 1 0 0 0 1 1 0 0 0 0 0 frog-eye-leaf-spot 
 0 5 1 2 1 0 3 3 0 1 2 0 1 2 0 1 0 0 0 0 0 0 0 0 0 0 0 0 0 0 0 0 0 0 0 frog-eye-leaf-spot 
 0 3 1 2 1 0 3 0 1 0 2 0 1 2 0 1 0 0 0 0 0 0 0 0 0 0 0 0 0 0 0 0 0 0 0 frog-eye-leaf-spot 
 0 6 1 2 2 0 3 1 0 1 2 0 1 2 0 1 0 0 0 1 0 3 2 0 1 0 0 0 1 1 0 0 0 0 0 frog-eye-leaf-spot 
 0 4 0 2 1 0 1 2 1 0 1 0 1 2 0 1 0 0 0 0 0 0 0 0 0 0 0 0 0 0 0 0 0 0 0 frog-eye-leaf-spot 
 0 4 0 2 2 0 1 0 1 0 0 0 1 2 0 1 0 0 0 1 0 3 2 0 1 0 0 0 1 1 0 0 0 0 0 frog-eye-leaf-spot 
 0 6 1 2 2 0 3 0 0 0 2 0 1 2 0 1 0 0 0 1 0 3 2 0 1 0 0 0 1 1 0 0 0 0 0 frog-eye-leaf-spot 
 0 5 1 2 2 0 3 3 0 1 2 0 1 2 0 1 0 0 0 1 0 3 2 0 1 0 0 0 1 1 0 0 0 0 0 frog-eye-leaf-spot 
 0 4 0 2 1 0 0 1 1 1 0 0 1 2 0 1 0 0 0 0 0 0 0 0 0 0 0 0 0 0 0 0 0 0 0 frog-eye-leaf-spot 
 0 4 0 2 1 0 2 3 1 1 1 0 1 2 0 1 0 0 0 1 0 3 1 0 1 0 0 0 1 1 0 0 0 0 0 frog-eye-leaf-spot 
 0 4 1 1 2 0 1 1 0 2 2 1 1 2 0 1 0 0 0 0 0 0 0 0 0 0 0 0 0 0 0 0 0 0 0 frog-eye-leaf-spot 
 0 4 0 2 1 0 2 0 0 0 1 0 1 2 0 1 0 0 0 0 0 0 0 0 0 0 0 0 0 0 0 0 0 0 0 frog-eye-leaf-spot 
 0 5 1 2 1 0 1 2 1 0 2 0 1 2 0 1 0 0 0 0 0 0 0 0 0 0 0 0 0 0 0 0 0 0 0 frog-eye-leaf-spot 
 0 4 0 2 2 0 1 3 1 1 0 0 1 2 0 1 0 0 0 1 0 3 2 0 1 0 0 0 1 1 0 0 0 0 0 frog-eye-leaf-spot 
 0 5 0 2 1 0 1 2 0 0 0 0 1 2 0 1 0 0 0 1 0 3 2 0 1 0 0 0 1 1 0 0 0 0 0 frog-eye-leaf-spot 
 0 5 0 2 2 0 2 0 0 0 1 0 1 2 0 1 0 0 0 1 0 3 2 0 1 0 0 0 1 1 0 0 0 0 0 frog-eye-leaf-spot 
 0 5 1 2 1 0 2 3 0 1 2 0 1 2 0 1 0 0 0 1 0 3 2 0 1 0 0 0 1 1 0 0 0 0 0 frog-eye-leaf-spot 
 0 5 0 2 2 0 3 3 1 0 0 0 0 2 0 1 0 0 0 1 0 0 0 1 0 0 0 0 1 2 0 1 1 1 1 diaporthe-pod-&-stem-blight 
 0 6 0 2 2 0 2 3 1 0 1 0 0 2 0 1 0 0 0 1 0 0 0 1 0 0 0 0 1 2 1 1 1 1 1 diaporthe-pod-&-stem-blight 
 0 5 0 2 2 0 3 3 1 0 0 0 0 2 0 1 0 0 0 1 0 0 0 1 0 0 0 0 1 2 1 1 1 1 1 diaporthe-pod-&-stem-blight 
 0 1 1 1 2 0 3 0 1 0 2 0 0 2 0 1 0 0 0 1 0 0 0 1 0 0 0 0 1 2 0 1 1 1 1 diaporthe-pod-&-stem-blight 
 0 5 0 2 2 0 2 3 1 0 1 0 0 2 0 1 0 0 0 1 0 0 0 1 0 0 0 0 1 2 1 1 1 1 1 diaporthe-pod-&-stem-blight 
 0 5 0 2 2 0 2 3 1 0 0 0 0 2 0 1 0 0 0 1 0 0 0 1 0 0 0 0 1 2 1 1 1 1 1 diaporthe-pod-&-stem-blight 
 2 2 0 2 1 0 2 1 1 0 1 1 1 2 0 1 0 0 0 0 0 0 0 0 0 0 0 0 2 0 1 0 0 1 0 cyst-nematode 
 2 3 0 2 1 0 3 2 1 0 1 1 1 2 0 1 0 0 0 0 0 0 0 0 0 0 0 0 2 0 1 0 0 1 0 cyst-nematode 
 2 4 0 2 1 0 3 2 1 0 1 1 1 2 0 1 0 0 0 0 0 0 0 0 0 0 0 0 2 0 1 0 0 1 0 cyst-nematode 
 2 3 0 2 1 0 2 1 1 0 1 1 1 2 0 1 0 0 0 0 0 0 0 0 0 0 0 0 2 0 1 0 0 1 0 cyst-nematode 
 2 3 0 2 1 0 2 1 1 0 1 1 1 2 0 1 0 0 0 0 0 0 0 0 0 0 0 0 2 0 1 0 0 1 0 cyst-nematode 
 2 4 0 2 1 0 2 1 1 0 1 1 1 2 0 1 0 0 0 0 0 0 0 0 0 0 0 0 2 0 1 0 0 1 0 cyst-nematode 
 0 5 0 2 1 0 2 1 1 0 1 0 1 0 2 2 0 1 0 1 0 0 0 0 0 0 0 0 0 0 0 0 0 0 0 2-4-d-injury 
 1 1 1 2 0 0 1 0 1 0 1 1 1 2 1 1 0 1 0 1 0 0 0 0 0 0 0 0 3 0 0 0 0 0 0 herbicide-injury 
 1 0 1 2 0 0 0 3 1 0 1 1 1 0 2 2 0 1 0 1 0 0 0 0 0 0 0 0 3 0 0 0 0 0 0 herbicide-injury 
 1 1 1 2 0 0 0 0 1 0 1 1 1 0 2 2 0 1 0 1 0 0 0 0 0 0 0 0 3 0 0 0 0 0 0 herbicide-injury 
 1 1 1 2 0 0 1 3 1 0 1 1 1 2 1 1 0 1 0 1 0 0 0 0 0 0 0 0 3 0 0 0 0 0 0 herbicide-injury 
 0 6 0 2 1 0 1 0 1 0 2 1 1 0 2 2 0 0 0 1 0 3 1 1 1 0 0 0 0 4 0 0 0 0 0 diaporthe-stem-canker 
 0 3 0 2 1 0 2 0 2 1 1 1 1 0 2 2 0 0 0 1 0 3 0 1 1 0 0 0 0 4 0 0 0 0 0 diaporthe-stem-canker 
 0 4 0 2 1 0 3 0 2 0 2 1 1 0 2 2 0 0 0 1 0 3 1 1 1 0 0 0 0 4 0 0 0 0 0 diaporthe-stem-canker 
 0 5 0 2 1 0 1 0 1 0 1 1 1 0 2 2 0 0 0 1 0 3 0 1 1 0 0 0 0 4 0 0 0 0 0 diaporthe-stem-canker 
 0 3 0 2 1 0 3 0 1 0 1 1 1 0 2 2 0 0 0 1 0 3 0 1 1 0 0 0 0 4 0 0 0 0 0 diaporthe-stem-canker 
 0 5 0 2 1 0 2 0 1 1 0 1 1 0 2 2 0 0 0 1 0 3 0 1 1 0 0 0 0 4 0 0 0 0 0 diaporthe-stem-canker 
 0 5 0 2 1 0 3 1 1 1 2 1 1 0 2 2 0 0 0 1 1 3 0 1 1 0 0 0 0 4 0 0 0 0 0 diaporthe-stem-canker 
 0 3 0 2 1 0 2 1 1 0 1 1 1 0 2 2 0 0 0 1 1 3 0 1 1 0 0 0 0 4 0 0 0 0 0 diaporthe-stem-canker 
 0 4 0 2 1 0 3 0 1 1 2 1 1 0 2 2 0 0 0 1 1 3 0 1 1 0 0 0 0 4 0 0 0 0 0 diaporthe-stem-canker 
 0 6 0 2 1 0 3 0 1 1 1 1 1 0 2 2 0 0 0 1 1 3 1 1 1 0 0 0 0 4 0 0 0 0 0 diaporthe-stem-canker 
 0 4 0 0 1 0 2 3 1 1 1 1 1 0 2 2 0 0 0 1 0 0 3 0 0 0 2 1 0 4 0 0 0 0 0 charcoal-rot 
 0 5 0 0 2 0 3 2 1 0 2 1 1 0 2 2 0 0 0 1 0 0 3 0 0 0 2 1 0 4 0 0 0 0 0 charcoal-rot 
 0 4 0 0 2 0 3 3 1 1 1 1 1 0 2 2 0 0 0 1 0 0 3 0 0 0 2 1 0 4 0 0 0 0 0 charcoal-rot 
 0 5 0 0 2 0 0 2 1 0 2 1 1 0 2 2 0 0 0 1 0 0 3 0 0 0 2 1 0 4 0 0 0 0 0 charcoal-rot 
 0 5 0 0 2 1 2 2 1 0 2 1 1 0 2 2 0 0 0 1 1 0 3 0 0 0 2 1 0 4 0 0 0 0 0 charcoal-rot 
 0 3 0 0 2 1 0 2 1 0 1 1 1 0 2 2 0 0 0 1 0 0 3 0 0 0 2 1 0 4 0 0 0 0 0 charcoal-rot 
 0 4 0 0 2 1 1 3 1 1 2 1 1 0 2 2 0 0 0 1 0 0 3 0 0 0 2 1 0 4 0 0 0 0 0 charcoal-rot 
 0 5 0 0 2 1 2 2 1 0 0 1 1 0 2 2 0 0 0 1 0 0 3 0 0 0 2 1 0 4 0 0 0 0 0 charcoal-rot 
 0 6 0 0 2 1 3 3 1 1 1 1 1 0 2 2 0 0 0 1 0 0 3 0 0 0 2 1 0 4 0 0 0 0 0 charcoal-rot 
 0 6 0 0 2 1 3 3 1 1 0 1 1 0 2 2 0 0 0 1 0 0 3 0 0 0 2 1 0 4 0 0 0 0 0 charcoal-rot 
 1 0 1 2 0 0 0 1 1 0 1 1 0 0 2 2 0 0 0 1 0 1 1 0 1 0 0 0 3 4 0 0 0 0 0 rhizoctonia-root-rot 
 0 0 1 2 0 0 3 1 2 0 2 1 0 0 2 2 0 0 0 1 0 1 1 0 1 0 0 0 3 4 0 0 0 0 0 rhizoctonia-root-rot 
 0 0 1 2 0 0 2 1 1 1 1 1 0 0 2 2 0 0 0 1 0 1 1 0 1 0 0 0 3 4 0 0 0 0 0 rhizoctonia-root-rot 
 0 2 1 2 0 0 0 1 1 0 1 1 0 0 2 2 0 0 0 1 0 1 1 0 1 0 0 0 3 4 0 0 0 0 0 rhizoctonia-root-rot 
 0 1 1 2 0 0 2 1 1 0 1 1 0 0 2 2 0 0 0 1 0 1 1 0 1 0 0 0 3 4 0 0 0 0 0 rhizoctonia-root-rot 
 0 2 1 2 0 0 3 1 2 0 1 1 0 0 2 2 0 0 0 1 0 1 1 0 1 0 0 0 3 4 0 0 0 0 0 rhizoctonia-root-rot 
 0 2 1 2 0 0 2 1 1 0 2 1 0 0 2 2 0 0 0 1 0 1 1 0 1 1 0 0 3 4 0 0 0 0 0 rhizoctonia-root-rot 
 0 4 0 2 0 1 0 1 2 0 2 1 1 0 2 2 0 0 0 1 1 1 1 0 1 1 0 0 3 4 0 0 0 0 0 rhizoctonia-root-rot 
 0 0 1 2 0 0 1 1 1 1 1 1 0 0 2 2 0 0 0 1 0 1 1 0 1 1 0 0 3 4 0 0 0 0 0 rhizoctonia-root-rot 
 0 2 1 2 0 0 3 1 2 0 2 1 0 0 2 2 0 0 0 1 0 1 1 0 1 1 0 0 3 4 0 0 0 0 0 rhizoctonia-root-rot 
 0 2 1 1 0 0 3 1 2 0 2 1 1 0 2 2 0 0 0 1 0 1 2 0 0 0 0 0 3 4 0 0 0 0 0 phytophthora-rot 
 0 1 1 2 0 0 3 1 1 1 2 1 1 0 2 2 0 0 0 1 0 2 2 0 0 0 0 0 3 4 0 0 0 0 0 phytophthora-rot 
 0 2 1 2 1 1 3 1 2 1 2 1 1 0 2 2 0 0 0 1 0 2 2 0 1 0 0 0 3 4 0 0 0 0 0 phytophthora-rot 
 0 1 1 2 1 1 2 3 1 1 1 1 1 0 2 2 0 0 0 1 0 2 2 0 1 0 0 0 3 4 0 0 0 0 0 phytophthora-rot 
 1 3 1 1 1 0 2 1 1 0 1 1 1 0 2 2 0 0 0 1 0 3 2 0 0 0 0 0 0 0 0 0 0 0 0 phytophthora-rot 
 1 3 1 1 1 0 3 1 1 0 1 1 1 0 2 2 0 0 0 1 0 2 2 0 0 0 0 0 0 0 0 0 0 0 0 phytophthora-rot 
 1 0 1 2 2 0 3 1 1 0 1 1 1 2 0 1 0 0 0 1 0 3 2 0 0 0 0 0 0 0 0 0 0 0 0 phytophthora-rot 
 1 1 1 2 1 0 2 1 1 0 1 1 1 2 0 1 0 0 0 1 0 1 2 0 0 0 0 0 0 0 0 0 0 0 0 phytophthora-rot 
 1 1 1 2 1 0 0 1 1 0 1 1 1 2 0 1 0 0 0 1 0 0 2 0 2 0 0 0 0 0 0 0 0 0 0 phytophthora-rot 
 1 4 1 1 2 0 3 1 1 0 1 1 1 2 0 1 0 0 0 1 0 3 2 0 0 0 0 0 0 0 0 0 0 0 0 phytophthora-rot 
 1 1 1 2 2 0 2 1 1 0 1 1 1 2 0 1 0 0 0 1 0 1 2 0 2 0 0 0 0 0 0 0 0 0 0 phytophthora-rot 
 1 2 1 2 1 0 3 1 1 0 1 1 1 2 0 1 0 0 0 1 0 1 2 0 0 0 0 0 0 0 0 0 0 0 0 phytophthora-rot 
 1 3 1 2 2 0 2 1 1 0 1 1 1 2 0 1 0 0 0 1 0 3 2 0 0 0 0 0 0 0 0 0 0 0 0 phytophthora-rot 
 1 4 1 1 1 0 3 1 1 0 1 1 1 2 0 1 0 0 0 1 0 3 2 0 0 0 0 0 0 0 0 0 0 0 0 phytophthora-rot 
 1 1 1 2 1 0 2 1 1 0 1 1 1 2 0 1 0 0 0 1 0 1 2 0 2 0 0 0 0 0 0 0 0 0 0 phytophthora-rot 
 1 1 1 2 1 0 3 1 1 0 1 1 1 2 0 1 0 0 0 1 0 3 2 0 2 0 0 0 0 0 0 0 0 0 0 phytophthora-rot 
 1 1 1 2 2 0 1 1 1 0 1 1 1 2 0 1 0 0 0 1 0 3 2 0 2 0 0 0 0 0 0 0 0 0 0 phytophthora-rot 
 1 2 1 1 2 0 2 1 1 0 1 1 1 2 0 1 0 0 0 1 0 1 2 0 2 0 0 0 0 0 0 0 0 0 0 phytophthora-rot 
 1 3 1 1 1 0 3 1 1 0 1 1 1 2 0 1 0 0 0 1 0 2 2 0 0 0 0 0 0 0 0 0 0 0 0 phytophthora-rot 
 1 3 1 1 1 0 1 1 1 0 1 1 1 2 0 1 0 0 0 1 0 3 2 0 0 0 0 0 0 0 0 0 0 0 0 phytophthora-rot 
 1 1 1 2 2 0 1 1 1 0 1 1 1 2 0 1 0 0 0 1 0 0 2 0 2 0 0 0 0 0 0 0 0 0 0 phytophthora-rot 
 1 2 1 2 2 0 2 1 1 0 1 1 1 2 0 1 0 0 0 1 0 2 2 0 0 0 0 0 0 0 0 0 0 0 0 phytophthora-rot 
 1 3 1 1 1 0 3 1 1 0 1 1 1 2 0 1 0 0 0 1 0 3 2 0 0 0 0 0 0 0 0 0 0 0 0 phytophthora-rot 
 1 4 1 1 1 0 2 1 1 0 1 1 1 2 0 1 0 0 0 1 0 3 2 0 0 0 0 0 0 0 0 0 0 0 0 phytophthora-rot 
 1 1 1 2 2 0 3 1 1 0 1 1 1 2 0 1 0 0 0 1 0 0 2 0 2 0 0 0 0 0 0 0 0 0 0 phytophthora-rot 
 1 2 1 2 2 0 2 1 1 0 1 1 1 2 0 1 0 0 0 1 0 2 2 0 0 0 0 0 0 0 0 0 0 0 0 phytophthora-rot 
 1 3 1 1 1 0 3 1 1 0 1 1 1 2 0 1 0 0 0 1 0 3 2 0 0 0 0 0 0 0 0 0 0 0 0 phytophthora-rot 
 1 4 1 1 1 0 2 1 1 0 1 1 1 2 0 1 0 0 0 1 0 3 2 0 0 0 0 0 0 0 0 0 0 0 0 phytophthora-rot 
 1 1 1 2 2 0 3 1 1 0 1 1 1 2 0 1 0 0 0 1 0 0 2 0 2 0 0 0 0 0 0 0 0 0 0 phytophthora-rot 
 1 2 1 2 2 0 2 1 1 0 1 1 1 2 0 1 0 0 0 1 0 2 2 0 0 0 0 0 0 0 0 0 0 0 0 phytophthora-rot 
 1 3 1 1 1 0 3 1 1 0 1 1 1 2 0 1 0 0 0 1 0 3 2 0 0 0 0 0 0 0 0 0 0 0 0 phytophthora-rot 
 1 1 1 2 2 0 2 1 1 0 1 1 1 2 0 1 0 0 0 1 0 0 2 0 2 0 0 0 0 0 0 0 0 0 0 phytophthora-rot 
 1 2 1 2 1 0 3 1 1 0 1 1 1 2 0 1 0 0 0 1 0 2 2 0 0 0 0 0 0 0 0 0 0 0 0 phytophthora-rot 
 1 3 1 2 1 0 1 1 1 0 1 1 1 2 0 1 0 0 0 1 0 3 2 0 0 0 0 0 0 0 0 0 0 0 0 phytophthora-rot 
 1 1 1 2 2 0 2 1 1 0 1 1 1 2 0 1 0 0 0 1 0 0 2 0 2 0 0 0 0 0 0 0 0 0 0 phytophthora-rot 
 1 2 1 2 2 0 3 1 1 0 1 1 1 2 0 1 0 0 0 1 0 2 2 0 0 0 0 0 0 0 0 0 0 0 0 phytophthora-rot 
 1 3 1 1 1 0 2 1 1 0 1 1 1 2 0 1 0 0 0 1 0 3 2 0 0 0 0 0 0 0 0 0 0 0 0 phytophthora-rot 
 1 4 1 1 1 0 3 1 1 0 1 1 1 2 0 1 0 0 0 1 0 3 2 0 0 0 0 0 0 0 0 0 0 0 0 phytophthora-rot 
 1 1 1 2 1 0 2 1 1 0 1 1 1 2 0 1 0 0 0 1 0 2 2 0 2 0 0 0 0 0 0 0 0 0 0 phytophthora-rot 
 1 2 1 2 1 0 3 1 1 0 1 1 1 2 0 1 0 0 0 1 0 3 2 0 0 0 0 0 0 0 0 0 0 0 0 phytophthora-rot 
 1 3 1 1 1 0 1 1 1 0 1 1 1 2 0 1 0 0 0 1 0 3 2 0 0 0 0 0 0 0 0 0 0 0 0 phytophthora-rot 
 1 4 1 1 1 0 1 1 1 0 1 1 1 2 0 1 0 0 0 1 0 3 2 0 0 0 0 0 0 0 0 0 0 0 0 phytophthora-rot 
 1 1 1 2 2 0 2 1 1 0 1 1 1 2 0 1 0 0 0 1 0 2 2 0 2 0 0 0 0 0 0 0 0 0 0 phytophthora-rot 
 1 2 1 2 2 0 3 1 1 0 1 1 1 2 0 1 0 0 0 1 0 3 2 0 0 0 0 0 0 0 0 0 0 0 0 phytophthora-rot 
 1 3 1 1 1 0 2 1 1 0 1 1 1 2 0 1 0 0 0 1 0 3 2 0 0 0 0 0 0 0 0 0 0 0 0 phytophthora-rot 
 1 2 1 1 1 0 3 1 1 0 1 1 1 2 0 1 0 0 0 1 0 3 2 0 0 0 0 0 0 0 0 0 0 0 0 phytophthora-rot 
 1 3 1 1 1 0 2 1 1 0 1 1 1 2 0 1 0 0 0 1 0 3 2 0 0 0 0 0 0 0 0 0 0 0 0 phytophthora-rot 
 1 3 1 1 1 0 3 1 1 0 1 1 1 2 0 1 0 0 0 1 0 3 2 0 0 0 0 0 0 0 0 0 0 0 0 phytophthora-rot 
 0 3 0 0 0 1 1 0 2 0 0 1 1 2 0 1 0 0 0 1 1 0 3 0 0 0 1 0 0 4 0 0 0 0 0 brown-stem-rot 
 0 4 0 1 0 1 2 2 1 1 1 1 0 0 2 2 0 0 0 1 1 0 3 0 0 0 1 0 0 4 0 0 0 0 0 brown-stem-rot 
 0 3 0 0 0 1 3 2 2 0 1 1 1 2 0 1 0 0 0 1 1 0 3 0 0 0 1 0 0 4 0 0 0 0 0 brown-stem-rot 
 0 5 0 0 1 1 3 0 1 0 0 1 1 2 0 2 0 0 0 1 1 0 3 0 0 0 1 0 0 4 0 0 0 0 0 brown-stem-rot 
 0 6 0 0 1 1 2 1 1 1 1 1 1 2 0 1 0 0 0 1 1 0 3 0 0 0 1 0 0 4 0 0 0 0 0 brown-stem-rot 
 0 4 0 1 0 1 3 2 2 0 2 1 0 0 2 2 0 0 0 1 1 0 3 0 0 0 1 0 0 4 0 0 0 0 0 brown-stem-rot 
 0 5 0 0 2 0 2 3 1 0 2 0 1 0 2 2 0 0 0 1 0 0 0 0 0 0 1 0 0 0 0 0 0 0 0 brown-stem-rot 
 0 5 0 0 1 0 1 0 1 1 0 0 1 0 2 2 0 0 0 1 0 0 0 0 0 0 1 0 0 0 0 0 0 0 0 brown-stem-rot 
 0 4 0 0 1 0 3 2 1 0 1 0 1 0 2 2 0 0 0 1 0 0 0 0 0 0 1 0 0 0 0 0 0 0 0 brown-stem-rot 
 0 5 0 0 1 0 2 3 1 0 2 0 1 0 2 2 0 0 0 1 0 0 0 0 0 0 1 0 0 0 0 0 0 0 0 brown-stem-rot 
 0 5 0 0 1 0 2 2 1 1 1 0 1 0 2 2 0 0 0 1 0 0 0 0 0 0 1 0 0 0 0 0 0 0 0 brown-stem-rot 
 0 3 1 1 0 0 2 0 2 0 2 1 0 0 2 2 0 0 0 1 1 0 3 0 0 0 1 0 0 4 0 0 0 0 0 brown-stem-rot 
 0 5 1 1 1 0 2 3 2 0 0 1 0 0 2 2 0 0 0 1 1 0 3 0 0 0 1 0 0 4 0 0 0 0 0 brown-stem-rot 
 0 4 1 0 0 0 2 2 2 0 1 1 1 2 0 1 0 0 0 1 0 0 3 0 0 0 1 0 0 4 0 0 0 0 0 brown-stem-rot 
 0 5 1 1 0 0 3 3 1 1 2 1 0 0 2 2 0 0 0 1 1 0 3 0 0 0 1 0 0 4 0 0 0 0 0 brown-stem-rot 
 0 4 1 1 0 0 3 1 1 1 0 1 0 0 2 2 0 0 0 1 0 0 3 0 0 0 1 0 0 4 0 0 0 0 0 brown-stem-rot 
 0 6 1 1 1 0 3 3 1 1 1 1 0 0 2 2 0 0 0 1 1 0 3 0 0 0 1 0 0 4 0 0 0 0 0 brown-stem-rot 
 0 3 0 0 1 0 2 2 1 0 1 0 1 0 2 2 0 0 0 1 0 0 0 0 0 0 1 0 0 0 0 0 0 0 0 brown-stem-rot 
 0 5 0 0 2 0 3 0 1 0 2 0 1 0 2 2 0 0 0 1 0 0 0 0 0 0 1 0 0 0 0 0 0 0 0 brown-stem-rot 
 0 3 0 0 1 0 2 2 1 1 1 0 1 0 2 2 0 0 0 1 0 0 0 0 0 0 1 0 0 0 0 0 0 0 0 brown-stem-rot 
 0 4 0 0 1 0 1 3 1 0 0 0 1 0 2 2 0 0 0 1 0 0 0 0 0 0 1 0 0 0 0 0 0 0 0 brown-stem-rot 
 0 5 0 0 2 0 2 0 1 1 0 0 1 0 2 2 0 0 0 1 0 0 0 0 0 0 1 0 0 0 0 0 0 0 0 brown-stem-rot 
 0 4 0 0 1 0 1 0 1 0 0 0 1 0 2 2 0 0 0 1 0 0 0 0 0 0 1 0 0 0 0 0 0 0 0 brown-stem-rot 
 0 5 0 0 2 0 3 2 1 1 1 0 1 0 2 2 0 0 0 1 0 0 0 0 0 0 1 0 0 0 0 0 0 0 0 brown-stem-rot 
 0 1 0 0 0 1 0 0 0 0 0 0 1 0 2 2 0 0 1 0 0 0 0 0 0 0 0 0 0 0 0 0 0 0 0 powdery-mildew 
 0 2 0 1 1 1 1 1 1 1 1 0 1 0 2 2 0 0 1 0 0 0 0 0 0 0 0 0 0 0 0 0 0 0 0 powdery-mildew 
 0 3 0 2 0 1 2 2 0 0 2 0 1 0 2 2 0 0 1 0 0 0 0 0 0 0 0 0 0 0 0 0 0 0 0 powdery-mildew 
 0 4 0 0 1 1 3 3 1 0 0 0 1 0 2 2 0 0 1 0 0 0 0 0 0 0 0 0 0 0 0 0 0 0 0 powdery-mildew 
 0 5 0 1 0 1 0 0 0 0 1 0 1 0 2 2 0 0 1 0 0 0 0 0 0 0 0 0 0 0 0 0 0 0 0 powdery-mildew 
 0 4 0 1 0 1 2 2 0 1 0 0 1 0 2 2 0 0 1 0 0 0 0 0 0 0 0 0 0 0 0 0 0 0 0 powdery-mildew 
 0 3 1 0 1 0 3 3 1 1 2 0 1 0 2 2 0 0 1 0 0 0 0 0 0 0 0 0 0 0 0 0 0 0 0 powdery-mildew 
 0 4 1 1 0 0 0 0 0 2 0 0 1 0 2 2 0 0 1 0 0 0 0 0 0 0 0 0 0 0 0 0 0 0 0 powdery-mildew 
 0 2 1 1 0 0 0 0 0 0 1 0 1 0 2 2 0 0 1 0 0 0 0 0 0 0 0 0 0 0 0 0 0 0 0 powdery-mildew 
 0 5 1 0 1 0 3 3 1 0 1 0 1 0 2 2 0 0 1 0 0 0 0 0 0 0 0 0 0 0 0 0 0 0 0 powdery-mildew 
 0 3 0 2 0 1 2 2 1 0 1 0 1 1 0 1 0 0 2 0 0 0 0 0 0 0 0 0 0 0 1 1 0 0 0 downy-mildew 
 0 4 0 2 1 1 3 3 1 1 2 0 1 2 0 1 0 1 2 0 0 0 0 0 0 0 0 0 0 0 1 1 0 0 0 downy-mildew 
 0 5 0 2 1 1 1 0 1 0 1 0 1 1 0 1 0 0 2 0 0 0 0 0 0 0 0 0 0 0 1 1 0 0 0 downy-mildew 
 0 2 0 2 0 1 0 3 1 1 2 0 1 2 0 1 0 0 2 0 0 0 0 0 0 0 0 0 0 0 1 1 0 0 0 downy-mildew 
 0 3 0 2 1 1 1 0 1 0 1 0 1 2 0 1 0 1 2 0 0 0 0 0 0 0 0 0 0 0 1 1 0 0 0 downy-mildew 
 0 6 1 2 0 0 1 3 0 1 2 0 1 2 0 1 0 1 2 0 0 0 0 0 0 0 0 0 0 0 1 1 0 0 0 downy-mildew 
 0 3 1 2 2 0 3 1 1 1 2 0 1 1 0 1 0 0 2 0 0 0 0 0 0 0 0 0 0 0 1 1 0 0 0 downy-mildew 
 0 5 1 2 1 0 2 3 0 1 2 0 1 1 0 1 0 0 2 0 0 0 0 0 0 0 0 0 0 0 1 1 0 0 0 downy-mildew 
 0 3 1 2 1 0 1 1 0 1 2 0 1 2 0 1 0 0 2 0 0 0 0 0 0 0 0 0 0 0 1 1 0 0 0 downy-mildew 
 0 5 1 2 0 0 3 3 0 1 2 0 1 2 0 1 0 0 2 0 0 0 0 0 0 0 0 0 0 0 1 1 0 0 0 downy-mildew 
 0 1 1 2 1 0 3 2 1 0 2 0 1 2 0 1 0 0 0 1 0 3 1 1 0 0 0 0 0 0 0 0 0 0 0 brown-spot 
 0 2 0 2 1 0 1 1 1 0 0 0 1 2 0 1 1 0 0 0 0 0 0 0 0 0 0 0 0 0 0 0 0 0 0 brown-spot 
 0 3 0 2 1 0 2 3 1 0 1 0 1 2 0 1 0 0 0 0 0 0 0 0 0 0 0 0 0 0 0 0 0 0 0 brown-spot 
 0 2 1 2 1 0 3 3 1 0 2 0 1 2 0 1 1 0 0 0 0 0 0 0 0 0 0 0 0 0 0 0 0 0 0 brown-spot 
 0 2 0 2 1 0 2 2 1 0 1 0 1 2 0 1 1 0 0 1 0 3 1 1 0 0 0 0 0 0 0 0 0 0 0 brown-spot 
 0 5 0 2 1 0 2 3 2 1 1 0 1 2 0 1 0 0 0 1 0 0 3 1 1 0 0 0 0 0 0 0 0 0 0 brown-spot 
 0 2 0 2 1 0 3 3 1 1 1 0 1 2 0 1 1 0 0 0 0 0 0 0 0 0 0 0 0 0 0 0 0 0 0 brown-spot 
 0 1 0 2 1 0 2 3 1 2 1 0 1 2 0 1 1 0 0 0 0 0 0 0 0 0 0 0 0 0 0 0 0 0 0 brown-spot 
 0 2 1 1 1 1 2 2 1 1 2 1 1 2 0 1 0 0 0 0 0 0 0 0 0 0 0 0 0 0 0 0 0 0 0 brown-spot 
 0 3 1 2 2 1 1 1 0 2 1 0 1 2 0 1 0 0 0 1 0 3 1 0 0 0 0 0 1 2 0 0 0 0 0 brown-spot 
 0 0 0 1 1 0 0 0 0 0 0 0 1 2 0 1 0 0 0 0 0 0 0 0 0 0 0 0 0 0 0 0 0 0 0 brown-spot 
 0 1 0 2 2 0 1 1 0 1 1 1 1 2 0 1 0 0 0 0 0 0 0 0 0 0 0 0 0 0 0 0 0 0 0 brown-spot 
 0 2 0 1 1 0 2 2 1 2 2 0 1 2 0 1 0 0 0 0 0 0 0 0 0 0 0 0 0 0 0 0 0 0 0 brown-spot 
 0 3 0 2 2 0 3 3 0 0 1 1 1 2 0 1 0 0 0 1 0 3 1 0 0 0 0 0 0 1 0 0 0 0 0 brown-spot 
 0 4 0 1 1 0 1 0 1 1 2 0 1 2 0 1 0 0 0 1 0 3 1 1 0 0 0 0 1 2 0 0 0 0 0 brown-spot 
 0 0 0 2 2 0 2 1 1 2 1 1 1 2 0 1 0 0 0 0 0 0 0 0 0 0 0 0 0 0 0 0 0 0 0 brown-spot 
 0 1 0 1 1 0 3 2 0 0 2 0 1 2 0 1 0 0 0 0 0 0 0 0 0 0 0 0 0 0 0 0 0 0 0 brown-spot 
 0 2 0 2 2 0 1 3 0 1 1 0 1 2 0 1 0 0 0 0 0 0 0 0 0 0 0 0 0 0 0 0 0 0 0 brown-spot 
 0 0 0 1 1 0 2 0 0 2 2 1 1 2 0 1 0 0 0 0 0 0 0 0 0 0 0 0 0 0 0 0 0 0 0 brown-spot 
 0 1 1 2 2 1 3 1 0 0 1 0 1 2 0 1 0 0 0 0 0 0 0 0 0 0 0 0 0 0 0 0 0 0 0 brown-spot 
 0 1 0 2 1 0 1 1 1 0 0 0 1 2 0 1 0 0 0 0 0 0 0 0 0 0 0 0 0 0 0 0 0 0 0 brown-spot 
 0 2 0 2 1 0 2 2 1 0 1 0 1 2 0 1 1 0 0 0 0 0 0 0 0 0 0 0 0 0 0 0 0 0 0 brown-spot 
 0 3 1 2 1 0 3 3 1 0 2 0 1 2 0 1 0 0 0 1 0 3 1 1 0 0 0 0 0 0 0 0 0 0 0 brown-spot 
 0 4 0 2 1 0 2 1 1 0 0 0 1 2 0 1 1 0 0 1 0 3 1 1 0 0 0 0 0 0 0 0 0 0 0 brown-spot 
 0 5 0 2 1 0 3 2 1 0 1 0 1 2 0 1 0 0 0 1 0 3 1 1 0 0 0 0 0 0 0 0 0 0 0 brown-spot 
 0 1 1 2 1 0 2 3 1 0 2 0 1 2 0 1 1 0 0 0 0 0 0 0 0 0 0 0 0 0 0 0 0 0 0 brown-spot 
 0 2 0 2 1 0 3 3 1 0 0 0 1 2 0 1 1 0 0 0 0 0 0 0 0 0 0 0 0 0 0 0 0 0 0 brown-spot 
 0 3 0 2 1 0 2 3 1 0 1 0 1 2 0 1 0 0 0 1 0 3 1 1 0 0 0 0 0 0 0 0 0 0 0 brown-spot 
 0 1 1 2 1 0 3 3 1 0 2 0 1 2 0 1 1 0 0 0 0 0 0 0 0 0 0 0 0 0 0 0 0 0 0 brown-spot 
 0 2 0 2 1 0 1 1 1 0 0 0 1 2 0 1 1 0 0 0 0 0 0 0 0 0 0 0 0 0 0 0 0 0 0 brown-spot 
 0 3 0 2 1 0 2 2 1 0 1 0 1 2 0 1 0 0 0 1 0 3 1 1 0 0 0 0 0 0 0 0 0 0 0 brown-spot 
 0 1 1 2 1 0 3 3 1 0 2 0 1 2 0 1 1 0 0 0 0 0 0 0 0 0 0 0 0 0 0 0 0 0 0 brown-spot 
 0 2 0 2 1 0 2 3 1 0 0 0 1 2 0 1 1 0 0 0 0 0 0 0 0 0 0 0 0 0 0 0 0 0 0 brown-spot 
 0 3 0 2 1 0 3 3 1 0 1 0 1 2 0 1 1 0 0 1 0 3 1 1 0 0 0 0 0 0 0 0 0 0 0 brown-spot 
 0 1 1 2 1 0 2 1 1 0 2 0 1 2 0 1 1 0 0 0 0 0 0 0 0 0 0 0 0 0 0 0 0 0 0 brown-spot 
 0 2 0 2 1 0 3 2 1 0 0 0 1 2 0 1 1 0 0 0 0 0 0 0 0 0 0 0 0 0 0 0 0 0 0 brown-spot 
 0 3 0 2 1 0 2 3 1 0 1 0 1 2 0 1 0 0 0 1 0 3 1 1 0 0 0 0 0 0 0 0 0 0 0 brown-spot 
 0 4 1 2 1 0 3 1 1 0 2 0 1 2 0 1 0 0 0 1 0 3 1 1 0 0 0 0 0 0 0 0 0 0 0 brown-spot 
 0 5 0 2 1 0 1 2 1 0 0 0 1 2 0 1 0 0 0 1 0 3 1 1 0 0 0 0 0 0 0 0 0 0 0 brown-spot 
 0 1 0 2 1 0 2 3 1 0 1 0 1 2 0 1 1 0 0 0 0 0 0 0 0 0 0 0 0 0 0 0 0 0 0 brown-spot 
 0 2 1 2 1 0 3 3 1 0 2 0 1 2 0 1 1 0 0 0 0 0 0 0 0 0 0 0 0 0 0 0 0 0 0 brown-spot 
 0 3 0 2 1 0 2 1 1 0 0 0 1 2 0 1 0 0 0 1 0 3 1 1 0 0 0 0 0 0 0 0 0 0 0 brown-spot 
 0 4 0 2 1 0 3 3 1 0 1 0 1 2 0 1 0 0 0 1 0 3 1 1 0 0 0 0 0 0 0 0 0 0 0 brown-spot 
 0 5 1 2 1 0 3 3 1 0 2 0 1 2 0 1 0 0 0 1 0 3 1 1 0 0 0 0 0 0 0 0 0 0 0 brown-spot 
 0 1 0 2 1 0 1 1 1 0 0 0 1 2 0 1 0 0 0 0 0 0 0 0 0 0 0 0 0 0 0 0 0 0 0 brown-spot 
 0 2 0 2 1 0 2 2 1 0 1 0 1 2 0 1 0 0 0 0 0 0 0 0 0 0 0 0 0 0 0 0 0 0 0 brown-spot 
 0 3 1 2 1 0 3 3 1 0 2 0 1 2 0 1 1 0 0 1 0 3 1 1 0 0 0 0 0 0 0 0 0 0 0 brown-spot 
 0 1 0 2 1 0 1 1 1 0 0 0 1 2 0 1 1 0 0 1 0 3 1 1 0 0 0 0 0 0 0 0 0 0 0 brown-spot 
 0 2 0 2 1 0 2 2 1 0 1 0 1 2 0 1 1 0 0 1 0 3 1 1 0 0 0 0 0 0 0 0 0 0 0 brown-spot 
 0 3 1 2 1 0 3 3 1 0 2 0 1 2 0 1 1 0 0 1 0 3 1 1 0 0 0 0 0 0 0 0 0 0 0 brown-spot 
 0 1 0 2 1 0 1 3 1 0 0 0 1 2 0 1 1 0 0 1 0 3 1 1 0 0 0 0 0 0 0 0 0 0 0 brown-spot 
 0 2 0 2 1 0 2 2 1 0 1 0 1 2 0 1 1 0 0 1 0 3 1 1 0 0 0 0 0 0 0 0 0 0 0 brown-spot 
 0 3 0 2 1 1 1 1 1 1 1 0 1 2 0 0 1 0 0 0 0 0 0 0 0 0 0 0 0 0 0 0 0 0 0 bacterial-blight 
 0 4 1 1 1 0 2 2 0 0 2 0 1 1 0 0 1 0 0 0 0 0 0 0 0 0 0 0 0 0 0 0 0 0 0 bacterial-blight 
 0 2 1 1 1 0 1 0 0 0 2 0 1 1 0 0 0 0 0 0 0 0 0 0 0 0 0 0 0 0 0 0 0 0 0 bacterial-blight 
 0 4 0 1 2 0 3 2 0 0 1 0 1 1 0 0 1 0 0 0 0 0 0 0 0 0 0 0 0 0 0 0 0 0 0 bacterial-blight 
 0 5 1 2 1 1 1 3 1 1 2 1 1 2 0 0 1 0 0 0 0 0 0 0 0 0 0 0 0 0 0 0 0 0 0 bacterial-blight 
 0 3 0 1 1 0 2 0 0 0 0 1 1 1 0 0 1 0 0 0 0 0 0 0 0 0 0 0 0 0 0 0 0 0 0 bacterial-blight 
 0 4 0 2 1 1 3 1 1 1 1 0 1 2 0 0 0 1 0 0 0 0 0 0 0 0 0 0 0 0 0 0 0 0 0 bacterial-blight 
 0 3 0 2 1 1 1 2 1 1 1 1 1 2 0 0 1 0 0 0 0 0 0 0 0 0 0 0 0 0 0 0 0 0 0 bacterial-blight 
 0 4 1 1 1 0 2 3 0 0 2 0 1 1 0 0 1 0 0 0 0 0 0 0 0 0 0 0 0 0 0 0 0 0 0 bacterial-blight 
 0 5 0 2 1 1 3 0 1 1 1 1 1 2 0 0 1 0 0 0 0 0 0 0 0 0 0 0 0 0 0 0 0 0 0 bacterial-blight 
 0 3 0 1 0 1 3 3 0 0 1 0 1 1 1 0 0 0 0 0 0 0 0 0 0 0 0 0 0 0 1 1 1 0 0 bacterial-pustule 
 1 1 1 1 1 0 1 0 0 1 2 0 1 1 1 0 1 0 0 0 0 0 0 0 0 0 0 0 0 0 0 0 0 1 0 bacterial-pustule 
 0 2 0 1 2 1 2 1 0 0 1 0 1 2 1 0 1 0 0 0 0 0 0 0 0 0 0 0 0 0 1 1 1 0 0 bacterial-pustule 
 1 3 1 1 1 0 3 2 0 0 2 0 1 2 0 0 0 0 0 0 0 0 0 0 0 0 0 0 0 0 0 0 0 0 0 bacterial-pustule 
 0 2 0 2 1 1 3 1 1 1 1 0 1 1 1 0 1 0 0 0 0 0 0 0 0 0 0 0 0 0 1 1 1 0 0 bacterial-pustule 
 0 2 0 2 1 1 1 3 1 0 1 0 1 1 1 0 1 0 0 0 0 0 0 0 0 0 0 0 0 0 1 1 1 0 0 bacterial-pustule 
 0 1 0 1 1 1 3 1 0 1 1 0 1 1 0 0 1 0 0 0 0 0 0 0 0 0 0 0 0 0 1 1 1 1 0 bacterial-pustule 
 1 2 1 2 2 0 1 2 1 1 2 0 1 1 1 0 1 0 0 0 0 0 0 0 0 0 0 0 0 0 0 0 0 0 0 bacterial-pustule 
 0 5 0 1 2 1 0 1 0 0 1 1 1 1 1 0 0 1 0 0 0 0 0 0 0 0 0 0 0 0 1 1 1 0 0 bacterial-pustule 
 1 2 1 2 0 0 1 2 1 0 2 0 1 1 1 0 1 1 0 0 0 0 0 0 0 0 0 0 0 0 0 0 0 0 0 bacterial-pustule 
 0 5 0 2 2 1 2 2 0 0 1 0 1 2 0 0 0 0 0 0 1 0 3 0 0 0 0 0 1 1 1 0 1 0 0 purple-seed-stain 
 0 6 0 2 0 1 3 3 0 1 2 0 1 2 0 0 0 0 0 1 0 0 3 0 0 0 0 0 1 1 1 0 1 0 0 purple-seed-stain 
 0 5 0 2 2 1 1 1 0 1 2 0 1 2 0 0 0 0 0 0 0 0 3 0 0 0 0 0 1 1 1 0 1 0 0 purple-seed-stain 
 0 4 0 2 2 1 0 0 0 0 2 0 1 2 0 0 0 0 0 0 1 0 3 0 0 0 0 0 1 1 1 0 1 0 0 purple-seed-stain 
 0 5 0 2 0 0 1 1 0 0 1 0 1 2 0 0 0 0 0 1 0 0 3 0 0 0 0 0 1 1 1 0 1 0 0 purple-seed-stain 
 0 6 0 2 1 0 2 2 0 0 2 0 0 0 2 2 0 0 0 1 0 0 3 0 0 0 0 0 1 1 1 0 1 0 0 purple-seed-stain 
 0 3 0 2 2 0 3 3 0 0 1 0 0 0 2 2 0 0 0 0 0 0 3 0 0 0 0 0 0 0 1 0 1 0 0 purple-seed-stain 
 0 3 0 2 0 0 3 3 0 0 2 0 0 0 2 2 0 0 0 0 0 0 3 0 0 0 0 0 0 0 1 0 1 0 0 purple-seed-stain 
 0 5 0 2 2 0 1 1 0 1 2 0 0 0 2 2 0 0 0 0 0 0 3 0 0 0 0 0 0 0 1 0 1 0 0 purple-seed-stain 
 0 6 0 2 1 0 3 3 0 1 2 0 1 2 0 0 0 0 0 1 0 0 3 0 0 0 0 0 1 1 1 0 1 0 0 purple-seed-stain 
 0 0 0 2 1 0 0 0 0 0 0 0 1 0 2 2 0 0 0 1 0 2 1 0 1 0 0 0 0 0 1 0 1 1 1 anthracnose 
 0 2 0 2 1 0 2 2 0 2 2 1 1 0 2 2 0 0 0 1 0 3 1 0 1 0 0 0 0 0 1 0 1 1 1 anthracnose 
 0 4 0 2 1 0 0 0 0 1 1 0 1 0 2 2 0 0 0 1 0 3 1 1 1 0 0 0 1 2 1 1 0 1 1 anthracnose 
 0 1 0 2 1 0 0 0 0 2 1 1 1 0 2 2 0 0 0 1 0 2 1 0 1 0 0 0 0 0 1 0 1 0 1 anthracnose 
 0 4 1 2 2 1 1 1 1 0 0 0 1 0 2 2 0 0 0 1 1 3 2 1 1 0 0 0 1 2 1 1 0 1 0 anthracnose 
 0 6 0 2 1 0 3 3 1 0 1 0 0 0 2 2 0 0 0 1 0 3 2 1 0 0 0 0 1 2 1 1 0 1 1 anthracnose 
 0 6 1 2 1 0 1 1 1 1 0 0 0 0 2 2 0 0 0 1 0 3 2 1 0 0 0 0 1 2 1 1 0 1 1 anthracnose 
 0 6 1 2 1 0 3 3 1 0 0 0 0 0 2 2 0 0 0 1 0 3 2 1 0 0 0 0 1 2 1 1 0 1 1 anthracnose 
 0 5 1 2 1 0 2 2 1 0 2 0 0 0 2 2 0 0 0 1 0 3 2 1 0 0 0 0 1 2 1 1 0 1 1 anthracnose 
 0 5 0 2 1 0 3 3 1 1 0 0 0 0 2 2 0 0 0 1 0 3 2 1 0 0 0 0 1 2 1 1 0 1 1 anthracnose 
 0 4 0 2 1 0 2 2 1 1 2 0 0 0 2 2 0 0 0 1 0 3 2 0 0 0 0 0 1 2 0 0 0 0 0 anthracnose 
 0 3 1 2 2 1 1 1 0 1 2 1 1 0 2 2 0 0 0 1 1 3 2 1 1 0 0 0 1 2 0 0 0 0 0 anthracnose 
 0 4 1 2 2 1 1 1 0 1 0 1 1 0 2 2 0 0 0 1 1 3 2 1 1 0 0 0 1 2 0 0 0 0 0 anthracnose 
 0 5 1 2 2 1 2 2 1 0 1 0 1 0 2 2 0 0 0 1 0 3 1 1 1 0 0 0 1 2 0 0 0 0 0 anthracnose 
 0 6 1 2 2 1 3 3 0 1 2 0 1 0 2 2 0 0 0 1 0 3 2 1 1 0 0 0 1 2 0 0 0 0 0 anthracnose 
 0 4 0 2 1 0 1 1 2 0 0 0 0 0 2 2 0 0 0 1 0 3 2 0 0 0 0 0 1 2 0 0 0 0 0 anthracnose 
 0 5 1 2 1 0 2 2 1 1 1 0 0 0 2 2 0 0 0 1 0 3 2 1 0 0 0 0 1 2 1 1 0 1 1 anthracnose 
 0 6 0 2 1 0 3 3 1 0 0 0 0 0 2 2 0 0 0 1 0 3 2 1 0 0 0 0 1 2 1 1 0 1 1 anthracnose 
 0 4 1 2 1 0 1 1 2 1 1 0 0 0 2 2 0 0 0 1 0 3 2 0 0 0 0 0 1 2 0 0 0 0 0 anthracnose 
 0 5 0 2 1 0 2 2 1 0 0 0 0 0 2 2 0 0 0 1 0 3 2 1 0 0 0 0 1 2 1 1 0 1 1 anthracnose 
 0 6 1 2 1 0 3 3 1 1 1 0 0 0 2 2 0 0 0 1 0 3 2 1 0 0 0 0 1 2 1 1 0 1 1 anthracnose 
 0 5 0 2 1 0 3 3 1 0 0 0 0 0 2 2 0 0 0 1 0 3 2 1 0 0 0 0 1 2 0 0 0 0 0 anthracnose 
 0 5 1 2 1 0 1 1 1 1 1 0 0 0 2 2 0 0 0 1 0 3 2 0 0 0 0 0 1 2 0 0 0 0 0 anthracnose 
 0 5 0 2 1 0 1 1 1 0 1 0 0 0 2 2 0 0 0 1 0 3 2 1 0 0 0 0 1 2 0 0 0 0 0 anthracnose 
 0 1 0 0 1 1 0 0 1 0 0 0 1 2 0 1 0 1 0 0 0 0 0 0 0 0 0 0 0 0 0 0 0 0 0 phyllosticta-leaf-spot 
 0 3 0 0 1 1 2 3 0 0 2 1 1 2 0 1 0 1 0 0 0 0 0 0 0 0 0 0 0 0 0 0 0 0 0 phyllosticta-leaf-spot 
 0 1 1 1 1 0 2 3 1 0 2 0 1 2 0 1 0 0 0 0 0 0 0 0 0 0 0 0 0 0 0 0 0 0 0 phyllosticta-leaf-spot 
 0 2 1 1 1 0 2 0 1 0 2 0 1 2 0 1 0 0 0 0 0 0 0 0 0 0 0 0 0 0 0 0 0 0 0 phyllosticta-leaf-spot 
 0 2 0 0 2 1 1 2 0 1 1 0 1 2 0 1 1 0 0 0 0 0 0 0 0 0 0 0 0 0 0 0 0 0 0 phyllosticta-leaf-spot 
 0 2 0 0 2 1 1 3 0 0 2 0 1 2 0 1 1 0 0 0 0 0 0 0 0 0 0 0 0 0 0 0 0 0 0 phyllosticta-leaf-spot 
 0 3 1 1 2 0 1 0 0 0 0 1 1 2 0 1 1 1 0 0 0 0 0 0 0 0 0 0 0 0 0 0 0 0 0 phyllosticta-leaf-spot 
 0 4 1 1 2 0 1 2 0 1 1 1 1 2 0 1 1 1 0 0 0 0 0 0 0 0 0 0 0 0 0 0 0 0 0 phyllosticta-leaf-spot 
 0 2 1 1 2 0 3 0 0 1 1 0 1 2 0 1 1 1 0 0 0 0 0 0 0 0 0 0 0 0 0 0 0 0 0 phyllosticta-leaf-spot 
 0 4 1 1 2 0 1 3 0 1 1 0 1 2 0 1 1 1 0 0 0 0 0 0 0 0 0 0 0 0 0 0 0 0 0 phyllosticta-leaf-spot 
 0 6 0 2 2 0 2 2 0 1 0 0 1 2 0 1 0 0 0 0 0 0 0 0 0 0 0 0 0 0 0 0 0 0 0 alternarialeaf-spot 
 0 5 0 2 2 0 2 2 1 0 0 0 1 2 0 1 0 0 0 0 0 0 0 0 0 0 0 0 0 0 0 0 0 0 0 alternarialeaf-spot 
 0 6 1 2 2 0 2 3 1 1 2 0 1 2 0 1 0 0 0 0 0 0 0 0 0 0 0 0 0 0 0 0 0 0 0 alternarialeaf-spot 
 0 5 1 2 1 0 2 2 0 0 2 0 1 2 0 1 0 0 0 0 0 0 0 0 0 0 0 0 0 0 0 0 0 0 0 alternarialeaf-spot 
 0 6 0 2 1 0 3 3 0 1 0 0 1 2 0 1 0 0 0 0 0 0 0 0 0 0 0 0 0 0 0 0 0 0 0 alternarialeaf-spot 
 0 5 0 2 1 0 2 2 0 0 0 0 1 2 0 1 1 0 0 0 0 0 0 0 0 0 0 0 0 0 0 0 0 0 0 alternarialeaf-spot 
 0 6 0 2 1 0 3 3 0 1 1 0 1 2 0 1 1 0 0 0 0 0 0 0 0 0 0 0 0 0 0 0 0 0 0 alternarialeaf-spot 
 0 5 0 2 1 0 3 0 0 1 1 0 1 2 0 1 1 0 0 0 0 0 0 0 0 0 0 0 0 0 0 0 0 0 0 alternarialeaf-spot 
 0 5 1 2 1 1 0 0 1 1 1 0 1 2 0 1 0 0 0 0 0 0 0 0 0 0 0 0 0 0 1 0 1 0 0 alternarialeaf-spot 
 0 5 1 2 1 1 1 1 1 1 1 0 1 2 0 1 0 0 0 0 0 0 0 0 0 0 0 0 0 0 0 0 0 0 0 alternarialeaf-spot 
 0 4 0 2 1 1 0 0 1 0 0 0 1 2 0 1 0 0 0 0 0 0 0 0 0 0 0 0 0 0 1 0 1 0 0 alternarialeaf-spot 
 0 6 1 1 2 1 1 1 0 2 2 0 1 2 0 1 0 0 0 0 0 0 0 0 0 0 0 0 0 0 0 0 0 0 0 alternarialeaf-spot 
 0 4 1 2 1 0 2 2 0 0 0 0 1 2 0 1 0 0 0 0 0 0 0 0 0 0 0 0 0 0 1 0 0 0 0 alternarialeaf-spot 
 0 6 0 1 1 1 0 0 0 2 2 0 1 2 0 1 0 0 0 0 0 0 0 0 0 0 0 0 0 0 1 0 1 0 0 alternarialeaf-spot 
 0 5 0 2 1 1 2 2 1 1 1 0 1 2 0 1 0 0 0 0 0 0 0 0 0 0 0 0 0 0 1 0 1 0 0 alternarialeaf-spot 
 0 6 0 1 2 1 3 3 0 2 0 0 1 2 0 1 0 0 0 0 0 0 0 0 0 0 0 0 0 0 0 0 1 0 0 alternarialeaf-spot 
 0 4 1 2 2 0 0 0 0 0 2 0 1 2 0 1 0 0 0 0 0 0 0 0 0 0 0 0 0 0 1 0 1 0 0 alternarialeaf-spot 
 0 5 1 1 2 1 0 0 1 1 2 0 1 2 0 1 0 0 0 0 0 0 0 0 0 0 0 0 0 0 1 0 1 0 0 alternarialeaf-spot 
 0 6 0 2 1 0 1 1 0 2 0 0 1 2 0 1 0 0 0 0 0 0 0 0 0 0 0 0 0 0 0 0 0 0 0 alternarialeaf-spot 
 0 5 1 1 2 1 2 2 0 0 0 0 1 2 0 1 0 0 0 0 0 0 0 0 0 0 0 0 0 0 1 0 1 0 0 alternarialeaf-spot 
 0 4 0 2 1 0 1 0 1 0 0 0 1 2 0 1 0 0 0 0 0 0 0 0 0 0 0 0 0 0 0 0 0 0 0 alternarialeaf-spot 
 0 5 0 2 2 0 2 1 1 1 1 0 1 2 0 1 0 0 0 0 0 0 0 0 0 0 0 0 0 0 0 0 0 0 0 alternarialeaf-spot 
 0 6 1 2 2 0 3 2 0 0 2 0 1 2 0 1 0 0 0 0 0 0 0 0 0 0 0 0 0 0 0 0 0 0 0 alternarialeaf-spot 
 0 5 0 2 2 0 1 3 0 1 0 0 1 2 0 1 0 0 0 0 0 0 0 0 0 0 0 0 0 0 0 0 0 0 0 alternarialeaf-spot 
 0 5 0 2 2 0 2 0 1 0 1 0 1 2 0 1 0 0 0 0 0 0 0 0 0 0 0 0 0 0 0 0 0 0 0 alternarialeaf-spot 
 0 5 1 2 2 0 3 1 0 1 2 0 1 2 0 1 0 0 0 0 0 0 0 0 0 0 0 0 0 0 0 0 0 0 0 alternarialeaf-spot 
 0 5 0 2 2 0 2 3 0 1 1 0 1 2 0 1 0 0 0 0 0 0 0 0 0 0 0 0 0 0 0 0 0 0 0 alternarialeaf-spot 
 0 5 1 2 2 0 3 0 1 0 2 0 1 2 0 1 0 0 0 0 0 0 0 0 0 0 0 0 0 0 0 0 0 0 0 alternarialeaf-spot 
 0 5 0 2 2 0 1 1 0 1 0 0 1 2 0 1 0 0 0 0 0 0 0 0 0 0 0 0 0 0 0 0 0 0 0 alternarialeaf-spot 
 0 4 0 2 1 0 2 2 1 0 1 0 1 2 0 1 0 0 0 0 0 0 0 0 0 0 0 0 0 0 0 0 0 0 0 alternarialeaf-spot 
 0 5 1 2 2 0 3 3 0 1 2 0 1 2 0 1 0 0 0 0 0 0 0 0 0 0 0 0 0 0 0 0 0 0 0 alternarialeaf-spot 
 0 6 0 2 2 0 1 0 0 0 0 0 1 2 0 1 0 0 0 0 0 0 0 0 0 0 0 0 0 0 0 0 0 0 0 alternarialeaf-spot 
 0 3 0 2 1 0 2 1 1 1 1 0 1 2 0 1 0 0 0 0 0 0 0 0 0 0 0 0 0 0 0 0 0 0 0 alternarialeaf-spot 
 0 4 1 2 1 0 3 2 1 0 2 0 1 2 0 1 0 0 0 0 0 0 0 0 0 0 0 0 0 0 0 0 0 0 0 alternarialeaf-spot 
 0 5 0 2 2 0 1 3 1 1 0 0 1 2 0 1 0 0 0 0 0 0 0 0 0 0 0 0 0 0 0 0 0 0 0 alternarialeaf-spot 
 0 6 0 2 2 0 2 0 0 0 1 0 1 2 0 1 0 0 0 0 0 0 0 0 0 0 0 0 0 0 0 0 0 0 0 alternarialeaf-spot 
 0 4 1 2 1 0 3 1 1 1 2 0 1 2 0 1 0 0 0 0 0 0 0 0 0 0 0 0 0 0 0 0 0 0 0 alternarialeaf-spot 
 0 4 0 2 1 0 1 2 1 0 0 0 1 2 0 1 0 0 0 0 0 0 0 0 0 0 0 0 0 0 0 0 0 0 0 alternarialeaf-spot 
 0 5 0 2 2 0 2 3 0 1 1 0 1 2 0 1 0 0 0 0 0 0 0 0 0 0 0 0 0 0 0 0 0 0 0 alternarialeaf-spot 
 0 5 1 2 2 0 3 0 0 0 2 0 1 2 0 1 0 0 0 0 0 0 0 0 0 0 0 0 0 0 0 0 0 0 0 alternarialeaf-spot 
 0 5 0 2 2 0 1 1 1 1 0 0 1 2 0 1 0 0 0 0 0 0 0 0 0 0 0 0 0 0 0 0 0 0 0 alternarialeaf-spot 
 0 6 0 2 2 0 2 2 0 0 1 0 1 2 0 1 0 0 0 0 0 0 0 0 0 0 0 0 0 0 0 0 0 0 0 alternarialeaf-spot 
 0 6 1 2 2 0 3 3 0 1 2 0 1 2 0 1 0 0 0 0 0 0 0 0 0 0 0 0 0 0 0 0 0 0 0 alternarialeaf-spot 
 0 5 0 2 2 0 1 0 0 0 0 0 1 2 0 1 0 0 0 0 0 0 0 0 0 0 0 0 0 0 0 0 0 0 0 alternarialeaf-spot 
 0 6 0 2 2 0 2 1 1 1 1 0 1 2 0 1 0 0 0 0 0 0 0 0 0 0 0 0 0 0 0 0 0 0 0 alternarialeaf-spot 
 0 5 1 2 2 0 3 2 0 0 2 0 1 2 0 1 0 0 0 0 0 0 0 0 0 0 0 0 0 0 0 0 0 0 0 alternarialeaf-spot 
 0 6 0 2 2 0 3 3 1 1 0 0 1 2 0 1 0 0 0 0 0 0 0 0 0 0 0 0 0 0 0 0 0 0 0 alternarialeaf-spot 
 0 5 0 2 2 0 3 1 0 0 1 0 1 2 0 1 0 0 0 0 0 0 0 0 0 0 0 0 0 0 0 0 0 0 0 alternarialeaf-spot 
 0 6 1 2 2 0 3 2 1 1 2 0 1 2 0 1 0 0 0 0 0 0 0 0 0 0 0 0 0 0 0 0 0 0 0 alternarialeaf-spot 
 0 5 0 2 2 0 2 1 1 0 0 0 1 2 0 1 0 0 0 0 0 0 0 0 0 0 0 0 0 0 0 0 0 0 0 alternarialeaf-spot 
 0 6 0 2 2 0 2 2 0 1 1 0 1 2 0 1 0 0 0 0 0 0 0 0 0 0 0 0 0 0 0 0 0 0 0 alternarialeaf-spot 
 0 4 1 2 1 0 3 0 1 0 2 0 1 2 0 1 0 0 0 1 0 3 2 0 1 0 0 0 1 1 0 0 0 0 0 frog-eye-leaf-spot 
 0 4 0 2 1 0 2 2 1 0 1 0 1 2 0 1 0 0 0 1 0 3 2 0 1 0 0 0 1 1 0 0 0 0 0 frog-eye-leaf-spot 
 0 3 0 2 1 0 1 0 0 0 0 0 1 2 0 1 0 0 0 0 0 0 0 0 0 0 0 0 0 0 0 0 0 0 0 frog-eye-leaf-spot 
 0 4 0 2 1 0 1 3 1 1 0 0 1 2 0 1 0 0 0 0 0 0 0 0 0 0 0 0 0 0 0 0 0 0 0 frog-eye-leaf-spot 
 0 4 1 2 1 0 3 1 1 1 2 0 1 2 0 1 0 0 0 0 0 0 0 0 0 0 0 0 0 0 0 0 0 0 0 frog-eye-leaf-spot 
 0 4 1 2 1 0 2 1 0 1 2 0 1 2 0 1 0 0 0 1 0 3 2 0 1 0 0 0 1 1 0 0 0 0 0 frog-eye-leaf-spot 
 0 4 1 2 1 0 3 0 1 0 2 0 1 2 0 1 0 0 0 0 0 0 0 0 0 0 0 0 0 0 0 0 0 0 0 frog-eye-leaf-spot 
 0 4 0 1 1 1 3 1 0 0 1 0 1 2 0 1 0 0 0 0 0 0 0 0 0 0 0 0 0 0 0 0 0 0 0 frog-eye-leaf-spot 
 0 6 0 1 1 0 2 3 0 1 0 0 1 2 0 1 0 0 0 0 0 0 0 0 0 0 0 0 0 0 0 0 0 0 0 frog-eye-leaf-spot 
 0 5 0 1 1 1 0 1 0 0 0 0 1 2 0 1 0 0 0 1 0 3 0 0 1 0 0 0 1 1 0 0 0 0 0 frog-eye-leaf-spot 
 0 3 0 2 1 1 0 0 1 0 1 0 1 2 0 1 0 0 0 0 0 0 0 0 0 0 0 0 0 0 0 0 0 0 0 frog-eye-leaf-spot 
 0 5 0 2 1 1 2 2 0 2 0 0 1 2 0 1 0 0 0 1 1 3 1 0 0 0 0 0 0 0 0 0 0 0 0 frog-eye-leaf-spot 
 0 3 1 2 1 1 0 0 1 1 2 1 1 2 0 1 0 0 0 0 1 2 1 0 1 0 0 0 1 1 0 0 0 0 0 frog-eye-leaf-spot 
 0 5 0 2 1 1 2 2 0 0 0 0 1 2 0 1 0 0 0 1 0 3 1 0 1 0 0 0 1 1 0 0 0 0 0 frog-eye-leaf-spot 
 0 4 0 2 2 1 1 0 1 2 0 0 1 2 0 1 0 0 0 0 0 0 0 0 0 0 0 0 0 0 0 0 0 0 0 frog-eye-leaf-spot 
 0 4 0 2 2 1 3 2 0 1 0 0 1 2 0 1 0 0 0 0 0 0 0 0 0 0 0 0 0 0 0 0 0 0 0 frog-eye-leaf-spot 
 0 3 1 2 2 1 2 0 1 0 2 1 1 2 0 1 0 0 0 0 0 0 0 0 0 0 0 0 0 0 0 0 0 0 0 frog-eye-leaf-spot 
 0 4 1 2 2 1 3 0 1 2 2 1 1 2 0 1 0 0 0 0 1 3 1 0 1 0 0 0 0 0 0 0 0 0 0 frog-eye-leaf-spot 
 0 3 0 2 2 0 2 2 1 0 1 0 1 2 0 1 0 0 0 0 0 0 0 0 0 0 0 0 0 0 0 0 0 0 0 frog-eye-leaf-spot 
 0 3 0 2 1 0 1 0 1 0 0 0 1 2 0 1 0 0 0 1 0 3 2 0 1 0 0 0 1 1 0 0 0 0 0 frog-eye-leaf-spot 
 0 4 0 2 2 0 2 1 1 1 1 0 1 2 0 1 0 0 0 1 0 3 2 0 1 0 0 0 1 1 0 0 0 0 0 frog-eye-leaf-spot 
 0 5 1 2 1 0 3 2 0 0 2 0 1 2 0 1 0 0 0 1 0 3 2 0 1 0 0 0 1 1 0 0 0 0 0 frog-eye-leaf-spot 
 0 6 0 2 2 0 1 3 0 1 0 0 1 2 0 1 0 0 0 1 0 3 2 0 1 0 0 0 1 1 0 0 0 0 0 frog-eye-leaf-spot 
 0 4 0 2 1 0 2 0 1 0 1 0 1 2 0 1 0 0 0 1 0 3 2 0 1 0 0 0 1 1 0 0 0 0 0 frog-eye-leaf-spot 
 0 5 1 2 2 0 3 1 0 1 2 0 1 2 0 1 0 0 0 1 0 3 2 0 1 0 0 0 1 1 0 0 0 0 0 frog-eye-leaf-spot 
 0 6 0 2 1 0 1 2 0 0 0 0 1 2 0 1 0 0 0 1 0 3 2 0 1 0 0 0 1 1 0 0 0 0 0 frog-eye-leaf-spot 
 0 4 0 2 2 0 2 3 1 1 1 0 1 2 0 1 0 0 0 1 0 3 2 0 1 0 0 0 1 1 0 0 0 0 0 frog-eye-leaf-spot 
 0 5 1 2 1 0 3 0 0 0 2 0 1 2 0 1 0 0 0 1 0 3 2 0 1 0 0 0 1 1 0 0 0 0 0 frog-eye-leaf-spot 
 0 6 0 2 2 0 1 1 0 1 0 0 1 2 0 1 0 0 0 1 0 3 2 0 1 0 0 0 1 1 0 0 0 0 0 frog-eye-leaf-spot 
 0 4 0 2 1 0 2 2 1 0 1 0 1 2 0 1 0 0 0 1 0 3 2 0 1 0 0 0 1 1 0 0 0 0 0 frog-eye-leaf-spot 
 0 5 1 2 2 0 3 3 0 1 2 0 1 2 0 1 0 0 0 1 0 3 2 0 1 0 0 0 1 1 0 0 0 0 0 frog-eye-leaf-spot 
 0 6 0 2 1 0 1 0 0 0 0 0 1 2 0 1 0 0 0 1 0 3 2 0 1 0 0 0 1 1 0 0 0 0 0 frog-eye-leaf-spot 
 0 3 0 2 2 0 2 1 1 1 1 0 1 2 0 1 0 0 0 1 0 3 2 0 1 0 0 0 1 1 0 0 0 0 0 frog-eye-leaf-spot 
 0 4 1 2 1 0 3 2 1 0 2 0 1 2 0 1 0 0 0 1 0 3 2 0 1 0 0 0 1 1 0 0 0 0 0 frog-eye-leaf-spot 
 0 5 0 2 2 0 1 3 0 1 0 0 1 2 0 1 0 0 0 1 0 3 2 0 1 0 0 0 1 1 0 0 0 0 0 frog-eye-leaf-spot 
 0 6 0 2 2 0 2 0 0 0 1 0 1 2 0 1 0 0 0 1 0 3 2 0 1 0 0 0 1 1 0 0 0 0 0 frog-eye-leaf-spot 
 0 3 1 2 1 0 3 1 1 1 2 0 1 2 0 1 0 0 0 1 0 3 2 0 1 0 0 0 1 1 0 0 0 0 0 frog-eye-leaf-spot 
 0 4 0 2 1 0 1 2 1 0 0 0 1 2 0 1 0 0 0 1 0 3 2 0 1 0 0 0 1 1 0 0 0 0 0 frog-eye-leaf-spot 
 0 5 0 2 1 0 2 3 0 1 1 0 1 2 0 1 0 0 0 1 0 3 2 0 1 0 0 0 1 1 0 0 0 0 0 frog-eye-leaf-spot 
 0 6 1 2 2 0 3 0 0 0 2 0 1 2 0 1 0 0 0 1 0 3 2 0 1 0 0 0 1 1 0 0 0 0 0 frog-eye-leaf-spot 
 0 3 0 2 1 0 1 1 1 1 0 0 1 2 0 1 0 0 0 1 0 3 2 0 1 0 0 0 1 1 0 0 0 0 0 frog-eye-leaf-spot 
 0 4 0 2 1 0 2 2 1 0 1 0 1 2 0 1 0 0 0 1 0 3 2 0 1 0 0 0 1 1 0 0 0 0 0 frog-eye-leaf-spot 
 0 5 1 2 2 0 3 3 0 1 2 0 1 2 0 1 0 0 0 1 0 3 2 0 1 0 0 0 1 1 0 0 0 0 0 frog-eye-leaf-spot 
 0 4 0 2 1 0 1 0 1 0 0 0 1 2 0 1 0 0 0 1 0 3 2 0 1 0 0 0 1 1 0 0 0 0 0 frog-eye-leaf-spot 
 0 5 0 2 2 0 2 1 0 1 1 0 1 2 0 1 0 0 0 1 0 3 2 0 1 0 0 0 1 1 0 0 0 0 0 frog-eye-leaf-spot 
 0 6 1 2 1 0 3 2 0 0 2 0 1 2 0 1 0 0 0 1 0 3 2 0 1 0 0 0 1 1 0 0 0 0 0 frog-eye-leaf-spot 
 0 4 0 2 2 0 1 3 1 1 0 0 1 2 0 1 0 0 0 1 0 3 2 0 1 0 0 0 1 1 0 0 0 0 0 frog-eye-leaf-spot 
 0 5 0 2 1 0 2 0 0 0 1 0 1 2 0 1 0 0 0 1 0 3 2 0 1 0 0 0 1 1 0 0 0 0 0 frog-eye-leaf-spot 
 0 6 1 2 2 0 3 1 0 1 2 0 1 2 0 1 0 0 0 1 0 3 2 0 1 0 0 0 1 1 0 0 0 0 0 frog-eye-leaf-spot 
 0 4 0 2 1 0 1 2 1 0 0 0 1 2 0 1 0 0 0 1 0 3 2 0 1 0 0 0 1 1 0 0 0 0 0 frog-eye-leaf-spot 
 0 5 0 2 2 0 2 3 0 1 1 0 1 2 0 1 0 0 0 1 0 3 2 0 1 0 0 0 1 1 0 0 0 0 0 frog-eye-leaf-spot 
 0 6 0 2 2 0 2 3 1 0 1 0 0 2 0 1 0 0 0 1 0 0 0 1 0 0 0 0 1 2 1 1 1 1 1 diaporthe-pod-&-stem-blight 
 0 6 0 2 2 0 1 3 1 0 1 0 0 2 0 1 0 0 0 1 0 0 0 1 0 0 0 0 1 2 1 1 1 1 1 diaporthe-pod-&-stem-blight 
 0 5 0 2 2 0 1 3 1 0 1 0 0 2 0 1 0 0 0 1 0 0 0 1 0 0 0 0 1 2 1 1 1 1 1 diaporthe-pod-&-stem-blight 
 0 6 0 2 2 0 3 3 1 0 1 0 0 2 0 1 0 0 0 1 0 0 0 1 0 0 0 0 1 2 1 1 1 1 1 diaporthe-pod-&-stem-blight 
 0 6 0 2 2 0 0 3 1 0 1 0 0 2 0 1 0 0 0 1 0 0 0 1 0 0 0 0 1 2 1 1 1 1 1 diaporthe-pod-&-stem-blight 
 0 1 1 1 2 0 0 0 1 0 2 0 0 2 0 1 0 0 0 1 0 0 0 1 0 0 0 0 1 2 0 1 1 1 1 diaporthe-pod-&-stem-blight 
 0 5 0 2 2 0 1 3 1 0 0 0 0 2 0 1 0 0 0 1 0 0 0 1 0 0 0 0 1 2 1 1 1 1 1 diaporthe-pod-&-stem-blight 
 0 5 0 2 2 0 3 3 1 0 0 0 0 2 0 1 0 0 0 1 0 0 0 1 0 0 0 0 1 2 1 1 1 1 1 diaporthe-pod-&-stem-blight 
 0 6 0 2 2 0 3 3 1 0 1 0 0 2 0 1 0 0 0 1 0 0 0 1 0 0 0 0 1 2 1 1 1 1 1 diaporthe-pod-&-stem-blight 
 2 2 0 2 1 0 1 1 1 0 1 1 1 2 0 1 0 0 0 0 0 0 0 0 0 0 0 0 2 0 1 0 0 1 0 cyst-nematode 
 2 3 0 2 1 0 2 2 1 0 1 1 1 2 0 1 0 0 0 0 0 0 0 0 0 0 0 0 2 0 1 0 0 1 0 cyst-nematode 
 2 4 0 2 1 0 1 1 1 0 1 1 1 2 0 1 0 0 0 0 0 0 0 0 0 0 0 0 2 0 1 0 0 1 0 cyst-nematode 
 2 2 0 2 1 0 2 2 1 0 1 1 1 2 0 1 0 0 0 0 0 0 0 0 0 0 0 0 2 0 1 0 0 1 0 cyst-nematode 
 2 3 0 2 1 0 2 1 1 0 1 1 1 2 0 1 0 0 0 0 0 0 0 0 0 0 0 0 2 0 1 0 0 1 0 cyst-nematode 
 2 4 0 2 1 0 3 2 1 0 1 1 1 2 0 1 0 0 0 0 0 0 0 0 0 0 0 0 2 0 1 0 0 1 0 cyst-nematode 
 2 4 0 2 1 0 3 1 1 0 1 1 1 2 0 1 0 0 0 0 0 0 0 0 0 0 0 0 2 0 1 0 0 1 0 cyst-nematode 
 2 3 0 2 1 0 3 2 1 0 1 1 1 2 0 1 0 0 0 0 0 0 0 0 0 0 0 0 2 0 1 0 0 1 0 cyst-nematode 
 0 5 0 2 1 0 2 1 1 0 1 0 1 0 2 2 0 1 0 1 0 0 0 0 0 0 0 0 0 0 0 0 0 0 0 2-4-d-injury 
 0 0 0 2 1 0 2 0 1 0 1 0 1 0 2 2 0 1 0 1 0 0 0 0 0 0 0 0 0 0 0 0 0 0 0 2-4-d-injury 
 0 1 0 2 1 0 2 1 1 0 1 0 1 0 2 2 0 1 0 1 0 0 0 0 0 0 0 0 0 0 0 0 0 0 0 2-4-d-injury 
 0 2 0 2 1 0 2 2 1 0 1 0 1 0 2 2 0 1 0 1 0 0 0 0 0 0 0 0 0 0 0 0 0 0 0 2-4-d-injury 
 0 3 0 2 1 0 2 3 1 0 1 0 1 0 2 2 0 1 0 1 0 0 0 0 0 0 0 0 0 0 0 0 0 0 0 2-4-d-injury 
 0 4 0 2 1 0 2 0 1 0 1 0 1 0 2 2 0 1 0 1 0 0 0 0 0 0 0 0 0 0 0 0 0 0 0 2-4-d-injury 
 0 6 0 2 1 0 2 2 1 0 1 0 1 0 2 2 0 1 0 1 0 0 0 0 0 0 0 0 0 0 0 0 0 0 0 2-4-d-injury 
 0 0 0 2 1 0 2 3 1 0 1 0 1 0 2 2 0 1 0 1 0 0 0 0 0 0 0 0 0 0 0 0 0 0 0 2-4-d-injury 
 0 1 0 2 1 0 2 0 1 0 1 0 1 0 2 2 0 1 0 1 0 0 0 0 0 0 0 0 0 0 0 0 0 0 0 2-4-d-injury 
 0 2 0 2 1 0 2 1 1 0 1 0 1 0 2 2 0 1 0 1 0 0 0 0 0 0 0 0 0 0 0 0 0 0 0 2-4-d-injury 
 0 3 0 2 1 0 2 2 1 0 1 0 1 0 2 2 0 1 0 1 0 0 0 0 0 0 0 0 0 0 0 0 0 0 0 2-4-d-injury 
 0 4 0 2 1 0 2 3 1 0 1 0 1 0 2 2 0 1 0 1 0 0 0 0 0 0 0 0 0 0 0 0 0 0 0 2-4-d-injury 
 0 5 0 2 1 0 2 0 1 0 1 0 1 0 2 2 0 1 0 1 0 0 0 0 0 0 0 0 0 0 0 0 0 0 0 2-4-d-injury 
 0 6 0 2 1 0 2 1 1 0 1 0 1 0 2 2 0 1 0 1 0 0 0 0 0 0 0 0 0 0 0 0 0 0 0 2-4-d-injury 
 0 0 0 2 1 0 2 2 1 0 1 0 1 0 2 2 0 1 0 1 0 0 0 0 0 0 0 0 0 0 0 0 0 0 0 2-4-d-injury 
 1 0 1 2 0 0 0 0 1 0 1 1 1 0 2 2 0 1 0 1 0 0 0 0 0 0 0 0 3 0 0 0 0 0 0 herbicide-injury 
 1 2 1 2 0 0 0 0 1 0 1 1 1 0 2 2 0 1 0 1 0 0 0 0 0 0 0 0 3 0 0 0 0 0 0 herbicide-injury 
 1 0 1 2 0 0 1 3 1 0 1 1 1 2 1 1 0 1 0 1 0 0 0 0 0 0 0 0 3 0 0 0 0 0 0 herbicide-injury 
 1 2 1 2 0 0 1 3 1 0 1 1 1 2 1 1 0 1 0 1 0 0 0 0 0 0 0 0 3 0 0 0 0 0 0 herbicide-injury 
